-0.138670 -0.072590 0.611980
0.278320 -0.188230 0.952880
0.254640 -0.169680 0.951660
0.239750 -0.155520 0.955080
0.228030 -0.147950 0.951900
0.227780 -0.150630 0.951420
0.234380 -0.155030 0.955320
0.238530 -0.163820 0.969480
0.235840 -0.166990 0.970210
0.225830 -0.160400 0.969970
0.218510 -0.156250 0.967040
0.219240 -0.149170 0.967530
0.226320 -0.150150 0.973390
0.238040 -0.146000 0.976070
0.249510 -0.146730 0.984380
0.256350 -0.147950 0.994630
0.250980 -0.145260 1.002440
0.236080 -0.135010 0.999270
0.215330 -0.129640 0.989990
0.208500 -0.115480 0.986820
0.218750 -0.107180 0.983400
0.240720 -0.094480 0.982420
0.262210 -0.088380 0.981200
0.270510 -0.087890 0.979740
0.276610 -0.099120 0.979000
0.276860 -0.099370 0.982420
0.279790 -0.098880 0.980220
0.288820 -0.092290 0.975830
0.305910 -0.089840 0.974610
0.312990 -0.100340 0.967040
0.301760 -0.102540 0.956540
0.300290 -0.098390 0.943600
0.305180 -0.106930 0.944580
0.320800 -0.111080 0.947510
0.330570 -0.107670 0.948000
0.322510 -0.109130 0.948730
0.325440 -0.107420 0.952640
0.327390 -0.104980 0.950440
0.323490 -0.107420 0.947510
0.323000 -0.113040 0.942870
0.319820 -0.110840 0.940190
0.309080 -0.116210 0.944090
0.299800 -0.121340 0.944090
0.300290 -0.125000 0.953610
0.300540 -0.125730 0.960450
0.297120 -0.120360 0.968510
0.290280 -0.113530 0.963380
0.286380 -0.109620 0.959230
0.281250 -0.105470 0.955320
0.280520 -0.106200 0.955080
0.278320 -0.109860 0.960450
0.275150 -0.111080 0.961430
0.276120 -0.110110 0.960940
0.278080 -0.114500 0.953610
0.285160 -0.117190 0.948730
0.281010 -0.123780 0.948000
0.270020 -0.128420 0.949460
0.256350 -0.128660 0.949460
0.254640 -0.122800 0.946530
0.270510 -0.125980 0.964110
0.281980 -0.117680 0.970460
0.286380 -0.107180 0.983150
0.287110 -0.103520 0.999270
0.284180 -0.100340 1.004150
0.269040 -0.089840 1.001220
0.243650 -0.081540 0.995360
0.236570 -0.076170 0.987300
0.243410 -0.080320 0.986080
0.250730 -0.080080 0.986570
0.263670 -0.091060 0.993410
0.258300 -0.103520 0.992920
0.239500 -0.113040 0.986820
0.229490 -0.113770 0.977780
0.228760 -0.116210 0.971920
0.225830 -0.110600 0.970700
0.244380 -0.104490 0.974610
0.255130 -0.098880 0.982180
0.248540 -0.091060 0.988530
0.241460 -0.094480 0.996090
0.239500 -0.091060 0.994380
0.249020 -0.091550 0.993410
0.252690 -0.087400 0.989990
0.254640 -0.076660 0.981930
0.257810 -0.062010 0.975830
0.243900 -0.075440 0.985110
0.224370 -0.087160 0.988040
0.205810 -0.100100 0.992430
0.200930 -0.100590 1.000730
0.204100 -0.100100 1.002690
0.204100 -0.100100 1.001710
0.187500 -0.097170 0.995120
0.169190 -0.093020 0.992430
0.159670 -0.087400 0.996340
0.162840 -0.093260 0.998050
0.171390 -0.102050 1.001710
0.176270 -0.090820 1.005620
0.172360 -0.089110 1.014160
0.161130 -0.089360 1.007080
0.160400 -0.083740 0.993160
0.168700 -0.083500 0.987300
0.178960 -0.095460 0.989750
0.177250 -0.104980 0.994630
0.178710 -0.111570 0.994630
0.175780 -0.114750 0.989500
0.173100 -0.121830 0.983150
0.171390 -0.130620 0.982420
0.172850 -0.136960 0.981690
0.175540 -0.138430 0.982180
0.176760 -0.130860 0.983640
0.179200 -0.128420 0.984620
0.181640 -0.121340 0.983400
0.188230 -0.113040 0.983150
0.188960 -0.111330 0.987300
0.188720 -0.117680 0.993160
0.188230 -0.115720 0.988530
0.189450 -0.115970 0.979980
0.194090 -0.112060 0.967290
0.193360 -0.111820 0.963620
0.194090 -0.116940 0.961180
0.194580 -0.117920 0.966060
0.196290 -0.117680 0.968020
0.190430 -0.122070 0.977780
0.181880 -0.126460 0.983150
0.173580 -0.122070 0.981450
0.171140 -0.119140 0.980960
0.175050 -0.114500 0.979980
0.166500 -0.116700 0.983150
0.159910 -0.120360 0.990230
0.154300 -0.117430 0.998780
0.157230 -0.115230 1.000730
0.152340 -0.120120 0.998540
0.143800 -0.131100 1.000000
0.144530 -0.134030 1.003660
0.143550 -0.126950 0.999510
0.140870 -0.114500 0.998290
0.141110 -0.111330 0.997800
0.147220 -0.110110 0.999020
0.147220 -0.122560 1.007080
0.148440 -0.128910 1.009280
0.156490 -0.133300 1.009030
0.159180 -0.135990 1.001710
0.151610 -0.134770 0.996340
0.146480 -0.130620 0.990720
0.148930 -0.123050 0.993160
0.144780 -0.109130 0.994630
0.143800 -0.101070 0.981450
0.144780 -0.100340 0.983640
0.152100 -0.116210 0.995120
0.161130 -0.130370 1.009770
0.159420 -0.135740 1.009280
0.158200 -0.128420 0.997560
0.157960 -0.115970 0.993160
0.160400 -0.113280 0.988040
0.179200 -0.112550 0.986820
0.187010 -0.125730 0.987300
0.177250 -0.130370 1.005130
0.166500 -0.129390 1.004880
0.175540 -0.130620 1.019780
0.175780 -0.132320 1.016600
0.168460 -0.138180 1.003420
0.161380 -0.138180 0.996830
0.163330 -0.143550 0.990230
0.161380 -0.159420 0.990480
0.156490 -0.161620 0.991940
0.156250 -0.151860 0.993160
0.146240 -0.145020 0.999760
0.142090 -0.139890 0.998050
0.127440 -0.125240 1.005130
0.128660 -0.133540 1.017820
0.134280 -0.137210 1.012940
0.137700 -0.132320 0.993410
0.144040 -0.133060 0.986080
0.146000 -0.130130 0.976560
0.143800 -0.122560 0.972900
0.133790 -0.116940 0.973630
0.130620 -0.111570 0.974370
0.144040 -0.111080 0.988040
0.145260 -0.118160 0.993900
0.149900 -0.123780 0.996830
0.165280 -0.125240 0.988040
0.175540 -0.116700 0.979740
0.155520 -0.113530 0.971680
0.129150 -0.112550 0.979000
0.135010 -0.115970 0.975830
0.155030 -0.126950 0.983890
0.172850 -0.134770 0.982670
0.173340 -0.138180 0.986080
0.171140 -0.143550 0.991460
0.162600 -0.134770 0.990230
0.153810 -0.121830 0.987300
0.137700 -0.111570 0.985110
0.121340 -0.096440 0.975830
0.124020 -0.107670 0.979250
0.130370 -0.133300 0.978760
0.145510 -0.141110 0.989260
0.153320 -0.147950 0.982910
0.146730 -0.143800 0.984860
0.137940 -0.130370 0.980220
0.134770 -0.132080 0.976320
0.137700 -0.132570 0.989260
0.131350 -0.117920 0.991460
0.115230 -0.111080 0.989990
0.123780 -0.119380 0.999020
0.135010 -0.122070 1.004880
0.142330 -0.123050 1.008790
0.142580 -0.128170 1.020510
0.144530 -0.127440 1.013430
0.139890 -0.126220 1.007080
0.119380 -0.150880 1.009520
0.104980 -0.169190 1.000490
0.097900 -0.162350 0.996340
0.101070 -0.147220 1.000980
0.102050 -0.142820 1.001950
0.100590 -0.144530 1.001710
0.096440 -0.154050 1.006840
0.099610 -0.157960 0.996580
0.113770 -0.164310 0.997800
0.123780 -0.161380 0.997560
0.130370 -0.160640 0.999270
0.139890 -0.156490 0.990970
0.142580 -0.168210 0.987790
0.130370 -0.175290 0.980710
0.130620 -0.173580 0.979250
0.114990 -0.180660 0.976810
0.112790 -0.185790 0.983890
0.103270 -0.187740 0.980960
0.099850 -0.190190 0.977780
0.116210 -0.185550 0.976320
0.097660 -0.197020 0.987300
0.103270 -0.193360 0.987790
0.100590 -0.187740 0.991210
0.100100 -0.185550 0.992920
0.098390 -0.191890 0.991700
0.093990 -0.197510 0.985350
0.091800 -0.200680 0.980960
0.086180 -0.194090 0.973880
0.081300 -0.196780 0.988280
0.085210 -0.201660 0.990230
0.090330 -0.200200 0.992920
0.084720 -0.194580 0.991460
0.069580 -0.207030 0.990480
0.050050 -0.208500 0.986570
0.046390 -0.210940 0.981690
0.061520 -0.225590 0.982420
0.076660 -0.234380 0.980710
0.083250 -0.232910 0.978520
0.077390 -0.240720 0.975100
0.058590 -0.230710 0.964840
0.066890 -0.246090 0.965580
0.086430 -0.253420 0.966550
0.082520 -0.249270 0.962400
0.089840 -0.247560 0.970460
0.087890 -0.252200 0.968510
0.085690 -0.253420 0.971440
0.082030 -0.253420 0.969480
0.077640 -0.256100 0.972410
0.079590 -0.255620 0.973880
0.079830 -0.250000 0.980710
0.080810 -0.243160 0.983150
0.072270 -0.248290 0.982910
0.068850 -0.252930 0.988530
0.075930 -0.248540 0.984860
0.082760 -0.242920 0.987790
0.091550 -0.246830 0.983150
0.086670 -0.253420 0.975100
0.078130 -0.268070 0.967770
0.080320 -0.276860 0.963130
0.084230 -0.270260 0.966060
0.090330 -0.263430 0.972660
0.096680 -0.263430 0.978030
0.098630 -0.264400 0.977780
0.093750 -0.268550 0.970700
0.078610 -0.273680 0.961670
0.067630 -0.274410 0.960690
0.065670 -0.274410 0.955080
0.066890 -0.278560 0.957760
0.072270 -0.285890 0.963130
0.087160 -0.290770 0.968260
0.084960 -0.287600 0.965820
0.069820 -0.287840 0.965330
0.069820 -0.284910 0.967770
0.068120 -0.291750 0.967290
0.073240 -0.300540 0.966800
0.075680 -0.306640 0.970460
0.062260 -0.301030 0.977050
0.049800 -0.301030 0.977780
0.062990 -0.299320 0.976560
0.074950 -0.297360 0.971190
0.083250 -0.299800 0.962650
0.079590 -0.311040 0.958500
0.065670 -0.327390 0.960940
0.067870 -0.329590 0.954830
0.076900 -0.326170 0.948970
0.088870 -0.324460 0.947510
0.100100 -0.329350 0.944340
0.098390 -0.338130 0.944820
0.091310 -0.339600 0.944090
0.082520 -0.340090 0.940430
0.075680 -0.338870 0.934810
0.069580 -0.342770 0.934080
0.060300 -0.347170 0.935300
0.055910 -0.346190 0.935790
0.061280 -0.348390 0.939210
0.062260 -0.355220 0.942630
0.067870 -0.357420 0.945310
0.069820 -0.355220 0.948490
0.074950 -0.357910 0.948970
0.066890 -0.359130 0.947510
0.044920 -0.363530 0.940670
0.034910 -0.363280 0.936280
0.043460 -0.359860 0.936770
0.061520 -0.362790 0.944580
0.072510 -0.369140 0.947270
0.078610 -0.371580 0.949950
0.070070 -0.369630 0.946780
0.061520 -0.370850 0.941160
0.058840 -0.373290 0.931640
0.050050 -0.377440 0.932370
0.052250 -0.374760 0.929930
0.065920 -0.376710 0.929930
0.078860 -0.379640 0.929930
0.083980 -0.384030 0.929440
0.078370 -0.392580 0.928470
0.075930 -0.397710 0.933110
0.081790 -0.392330 0.940190
0.079590 -0.388670 0.941160
0.067140 -0.394780 0.938230
0.051510 -0.395750 0.935060
0.053710 -0.390380 0.935790
0.062740 -0.385740 0.936520
0.070310 -0.388430 0.941410
0.074460 -0.399410 0.933590
0.074220 -0.403080 0.930910
0.074950 -0.402830 0.932620
0.073000 -0.403810 0.937010
0.072020 -0.403560 0.942870
0.077880 -0.400880 0.934810
0.078860 -0.405520 0.930660
0.077640 -0.411870 0.921140
0.081050 -0.416500 0.922120
0.093260 -0.419920 0.916750
0.100340 -0.422610 0.905520
0.095210 -0.424070 0.891600
0.086180 -0.424070 0.874020
0.085940 -0.428960 0.869140
0.089600 -0.438480 0.870850
0.094480 -0.449710 0.879640
0.102540 -0.454590 0.888180
0.110600 -0.453370 0.893800
0.113530 -0.450930 0.890380
0.107670 -0.457520 0.887210
0.101070 -0.459960 0.871580
0.088380 -0.460450 0.868900
0.077880 -0.458740 0.873050
0.080080 -0.467290 0.883300
0.081050 -0.469730 0.892330
0.084960 -0.464360 0.898680
0.090330 -0.457280 0.901610
0.089110 -0.462400 0.897220
0.083250 -0.458500 0.897710
0.082030 -0.460450 0.896970
0.077390 -0.462890 0.899170
0.081300 -0.466550 0.894040
0.081540 -0.470950 0.889890
0.096190 -0.472660 0.892090
0.106200 -0.474850 0.899900
0.090580 -0.474370 0.902100
0.079350 -0.476560 0.889650
0.073490 -0.484620 0.880620
0.068850 -0.489010 0.872800
0.069090 -0.488280 0.873540
0.076900 -0.486570 0.878170
0.082520 -0.479980 0.880620
0.082030 -0.477540 0.872560
0.081540 -0.487790 0.863530
0.082760 -0.500980 0.858640
0.076900 -0.504880 0.854490
0.080080 -0.506840 0.859620
0.085690 -0.504150 0.864010
0.084230 -0.502930 0.871090
0.080080 -0.509030 0.871340
0.073970 -0.510740 0.870610
0.071780 -0.511470 0.864260
0.070560 -0.514400 0.855220
0.063720 -0.521730 0.853270
0.037110 -0.528810 0.849370
0.030760 -0.533450 0.858400
0.035640 -0.525880 0.869140
0.045650 -0.523930 0.876710
0.052250 -0.526120 0.878420
0.048340 -0.530270 0.877690
0.046140 -0.529300 0.870850
0.036380 -0.531980 0.866940
0.023930 -0.536130 0.860350
0.023680 -0.534670 0.858890
0.036130 -0.530760 0.854000
0.044430 -0.539310 0.858150
0.050050 -0.541020 0.854980
0.053470 -0.543950 0.849850
0.050540 -0.545650 0.849120
0.057130 -0.545170 0.851070
0.065670 -0.541990 0.856200
0.071530 -0.541500 0.852050
0.064210 -0.542970 0.844240
0.055420 -0.549070 0.831540
0.044920 -0.552730 0.827150
0.046630 -0.554200 0.831300
0.052730 -0.558110 0.836430
0.052980 -0.554690 0.828370
0.057370 -0.556150 0.825440
0.059080 -0.562260 0.817870
0.051270 -0.571530 0.816650
0.041260 -0.576900 0.817630
0.034420 -0.579590 0.814700
0.035890 -0.574710 0.819580
0.046880 -0.568120 0.826420
0.056880 -0.571530 0.828130
0.048340 -0.574710 0.828370
0.032960 -0.578860 0.821530
0.024660 -0.575930 0.816890
0.025390 -0.574710 0.820070
0.041020 -0.573970 0.820070
0.052730 -0.579590 0.817630
0.056640 -0.592770 0.821040
0.054690 -0.594970 0.820310
0.046880 -0.595700 0.816160
0.045410 -0.597900 0.808590
0.040530 -0.600590 0.802980
0.032960 -0.595700 0.800290
0.033690 -0.596190 0.807860
0.042720 -0.599610 0.808350
0.046880 -0.608640 0.805420
0.042970 -0.611570 0.800050
0.038090 -0.612790 0.795900
0.028080 -0.610840 0.797610
0.036130 -0.613280 0.798100
0.049800 -0.616700 0.801510
0.057370 -0.619140 0.800540
0.058110 -0.615230 0.802250
0.048100 -0.614010 0.792720
0.043700 -0.613040 0.788570
0.046390 -0.617430 0.788570
0.054690 -0.614990 0.789550
0.062260 -0.612550 0.793460
0.052250 -0.613280 0.793460
0.042480 -0.616210 0.791260
0.033940 -0.613040 0.785890
0.039310 -0.615480 0.789550
0.040530 -0.615480 0.792970
0.042720 -0.620120 0.791750
0.044680 -0.620120 0.789060
0.041020 -0.619630 0.794920
0.042240 -0.622560 0.797120
0.053710 -0.615230 0.796390
0.048100 -0.613770 0.789790
0.041260 -0.621340 0.785400
0.031010 -0.625000 0.782230
0.029790 -0.628170 0.788570
0.034420 -0.629150 0.793700
0.044920 -0.625980 0.796630
0.051270 -0.622560 0.798580
0.047120 -0.627930 0.794920
0.048340 -0.635250 0.779300
0.041020 -0.640870 0.768070
0.038330 -0.638180 0.762210
0.036620 -0.641110 0.764160
0.050290 -0.645020 0.769290
0.058590 -0.643550 0.778080
0.061280 -0.633540 0.783940
0.064210 -0.635250 0.785640
0.055660 -0.635010 0.778320
0.039790 -0.652830 0.775390
0.029540 -0.657230 0.768550
0.030270 -0.650150 0.768310
0.033940 -0.646240 0.761720
0.031010 -0.648930 0.756350
0.022950 -0.648190 0.753660
0.024660 -0.636470 0.755130
0.028080 -0.636960 0.775880
0.028560 -0.635500 0.782470
0.040530 -0.652100 0.785160
0.041020 -0.660890 0.772950
0.025390 -0.662350 0.757810
0.018800 -0.666750 0.755370
0.027100 -0.666990 0.756350
0.033450 -0.662350 0.758790
0.038330 -0.664310 0.760250
0.043210 -0.669190 0.755860
0.048830 -0.673830 0.761720
0.051510 -0.675050 0.754640
0.058110 -0.671880 0.757810
0.050780 -0.674800 0.757570
0.031980 -0.674800 0.752440
0.021730 -0.671390 0.752200
0.024410 -0.664790 0.753660
0.029790 -0.668210 0.755620
0.041260 -0.673580 0.750240
0.039550 -0.671630 0.745360
0.036380 -0.678960 0.733640
0.031490 -0.685790 0.733640
0.032960 -0.687260 0.723880
0.034180 -0.682620 0.718260
0.042240 -0.682620 0.722900
0.044190 -0.682130 0.728270
0.044190 -0.681400 0.723630
0.041750 -0.691650 0.721440
0.040530 -0.694580 0.719240
0.034420 -0.696290 0.718260
0.033690 -0.696780 0.713870
0.036380 -0.698000 0.713620
0.033690 -0.698730 0.713870
0.028320 -0.694340 0.713620
0.021970 -0.694340 0.720950
0.022460 -0.698730 0.726070
0.029790 -0.704590 0.733640
0.033940 -0.704830 0.733640
0.028810 -0.696530 0.735350
0.028080 -0.689940 0.735350
0.032710 -0.694340 0.732670
0.032470 -0.695560 0.726810
0.024900 -0.695310 0.721920
0.020510 -0.695310 0.726810
0.016360 -0.701420 0.727050
0.012700 -0.702880 0.718750
0.018800 -0.705810 0.709960
0.020260 -0.712160 0.703130
0.023190 -0.717040 0.698490
0.017820 -0.723140 0.699710
0.017580 -0.728270 0.693360
0.014650 -0.728520 0.688480
0.013920 -0.728270 0.684080
0.008300 -0.731450 0.677980
0.012210 -0.736330 0.686040
0.029300 -0.732180 0.683350
0.030520 -0.726320 0.683350
0.030520 -0.730960 0.682370
0.028320 -0.732180 0.677490
0.020260 -0.738530 0.670410
0.025150 -0.743160 0.660890
0.026370 -0.750240 0.653560
0.022460 -0.759030 0.650150
0.025880 -0.766360 0.647220
0.023440 -0.770260 0.655520
0.018800 -0.764160 0.659180
0.026860 -0.750730 0.659420
0.026370 -0.751460 0.656490
0.024900 -0.758540 0.654540
0.012700 -0.758540 0.654050
0.006100 -0.757080 0.664550
0.004640 -0.753910 0.669190
-0.002930 -0.750240 0.666500
-0.005860 -0.757320 0.664790
0.002930 -0.756840 0.661620
0.015380 -0.757080 0.661870
0.014400 -0.755130 0.665040
0.004150 -0.754880 0.661870
-0.002440 -0.754390 0.658450
-0.009520 -0.764650 0.649410
-0.006100 -0.766850 0.644040
0.003660 -0.773190 0.643310
0.012700 -0.774660 0.638920
0.009030 -0.766600 0.635740
0.010250 -0.767090 0.630620
0.010250 -0.769780 0.626950
0.008060 -0.778080 0.627200
0.000000 -0.781250 0.623290
-0.000240 -0.775390 0.627690
0.010740 -0.774660 0.631350
0.019780 -0.775150 0.636720
0.027340 -0.786380 0.635250
0.017820 -0.784670 0.635500
0.008060 -0.778320 0.632080
0.004150 -0.773190 0.635250
0.001460 -0.776860 0.639890
0.005130 -0.781490 0.645510
0.007320 -0.779300 0.644290
0.015870 -0.782960 0.646240
0.016360 -0.781010 0.641850
0.013430 -0.773440 0.635010
0.015380 -0.767580 0.633540
0.011720 -0.769040 0.634030
0.011470 -0.767820 0.631590
0.013920 -0.768800 0.630620
0.032470 -0.776120 0.628420
0.043700 -0.781490 0.628420
0.047120 -0.789550 0.621340
0.045170 -0.793460 0.613530
0.043950 -0.798340 0.612300
0.033940 -0.800540 0.612790
0.036130 -0.796880 0.609380
0.037350 -0.797120 0.605470
0.044920 -0.799560 0.609130
0.056640 -0.803220 0.604980
0.063230 -0.803710 0.601810
0.059080 -0.803710 0.592530
0.046630 -0.804690 0.587160
0.051510 -0.812740 0.587160
0.049070 -0.810550 0.591310
0.052250 -0.807620 0.590580
0.054690 -0.806400 0.587890
0.048340 -0.805660 0.580080
0.045900 -0.807620 0.577640
0.049800 -0.813230 0.574710
0.058590 -0.812260 0.566890
0.083010 -0.818600 0.564940
0.085210 -0.828370 0.567140
0.074220 -0.825930 0.559080
0.073000 -0.829350 0.553220
0.079830 -0.832030 0.548830
0.077880 -0.836910 0.549320
0.057130 -0.833980 0.555420
0.075440 -0.827880 0.560060
0.103270 -0.832280 0.564210
0.114260 -0.831050 0.565670
0.106930 -0.826170 0.562500
0.104250 -0.833500 0.557620
0.080320 -0.836180 0.555180
0.048830 -0.834470 0.557370
0.059810 -0.832760 0.562740
0.077390 -0.834470 0.570070
0.083740 -0.833980 0.578130
0.089600 -0.827880 0.573000
0.082760 -0.827640 0.567870
0.072020 -0.828130 0.565430
0.056640 -0.829350 0.563480
0.051030 -0.831790 0.567870
0.061280 -0.830810 0.570800
0.082030 -0.827390 0.575440
0.101320 -0.828610 0.574950
0.101560 -0.827150 0.562740
0.088870 -0.821290 0.561280
0.060300 -0.817870 0.555910
0.049560 -0.825680 0.550290
0.063230 -0.833980 0.550540
0.084960 -0.835210 0.550050
0.094730 -0.830810 0.552730
0.089600 -0.832030 0.546880
0.083740 -0.833740 0.544430
0.078130 -0.833980 0.540770
0.068600 -0.833980 0.544920
0.067630 -0.836670 0.543210
0.072020 -0.832280 0.541750
0.084960 -0.834470 0.542720
0.098880 -0.835940 0.546880
0.113040 -0.833250 0.548340
0.110600 -0.844240 0.542480
0.091310 -0.850100 0.534420
0.069340 -0.852540 0.528080
0.052000 -0.848880 0.526860
0.067380 -0.845210 0.534910
0.081540 -0.835940 0.544190
0.090330 -0.834720 0.553220
0.091550 -0.830810 0.554690
0.086180 -0.831300 0.553470
0.072270 -0.832520 0.550290
0.043700 -0.838620 0.555660
0.045410 -0.838380 0.556640
0.067380 -0.833980 0.559810
0.083010 -0.829830 0.562010
0.094480 -0.830810 0.557130
0.098140 -0.840580 0.547850
0.090330 -0.845210 0.540770
0.081300 -0.848140 0.538820
0.075440 -0.845210 0.536380
0.078860 -0.839840 0.537350
0.083010 -0.839840 0.541020
0.084470 -0.842290 0.540040
0.082030 -0.845700 0.539790
0.087160 -0.841800 0.537840
0.093990 -0.836670 0.547120
0.087650 -0.834720 0.555180
0.080320 -0.826660 0.560300
0.071040 -0.823970 0.563230
0.060550 -0.823000 0.559330
0.063960 -0.829100 0.552250
0.066410 -0.835940 0.551270
0.075200 -0.832030 0.551760
0.081540 -0.825680 0.555660
0.082030 -0.823000 0.557860
0.077390 -0.828370 0.555660
0.067380 -0.829350 0.556640
0.066650 -0.832280 0.557370
0.070560 -0.832280 0.557620
0.077880 -0.831050 0.555180
0.076660 -0.828130 0.549800
0.074710 -0.827150 0.545410
0.073970 -0.829590 0.544920
0.082520 -0.829350 0.554930
0.085450 -0.827150 0.559330
0.081300 -0.830570 0.563230
0.076660 -0.828130 0.556880
0.072270 -0.825200 0.554440
0.070310 -0.824710 0.561770
0.075440 -0.821780 0.568850
0.076900 -0.820070 0.577880
0.076660 -0.814700 0.585210
0.079350 -0.810300 0.585210
0.076660 -0.808840 0.583500
0.076900 -0.809080 0.587890
0.075930 -0.814700 0.587890
0.075680 -0.820560 0.584470
0.064940 -0.820310 0.577880
0.052000 -0.819090 0.575680
0.052250 -0.814940 0.572510
0.056640 -0.815190 0.572510
0.060300 -0.813230 0.578130
0.068600 -0.818600 0.585450
0.072750 -0.825440 0.580810
0.070310 -0.820560 0.588130
0.064210 -0.810790 0.587890
0.054690 -0.803710 0.594240
0.053470 -0.796630 0.595210
0.064940 -0.794920 0.597410
0.070070 -0.799320 0.600340
0.074710 -0.802490 0.606930
0.076660 -0.802250 0.605710
0.073730 -0.798830 0.606450
0.068120 -0.803470 0.603030
0.065430 -0.803960 0.610110
0.070800 -0.803710 0.615970
0.077150 -0.801760 0.615720
0.071530 -0.797850 0.619630
0.055420 -0.790280 0.615720
0.052980 -0.794680 0.617190
0.051760 -0.795650 0.614010
0.057860 -0.792970 0.613040
0.057620 -0.788570 0.611330
0.056400 -0.791500 0.614500
0.064940 -0.792720 0.611080
0.071780 -0.796140 0.620120
0.065430 -0.790040 0.625000
0.063480 -0.781980 0.623780
0.053220 -0.777100 0.626220
0.057620 -0.779790 0.622800
0.062740 -0.789550 0.621090
0.057860 -0.796140 0.624020
0.054690 -0.787840 0.625730
0.062990 -0.778560 0.627200
0.068120 -0.774410 0.627440
0.056400 -0.774410 0.627440
0.050290 -0.775390 0.629150
0.054440 -0.774170 0.629390
0.061520 -0.774410 0.631350
0.062010 -0.774660 0.633790
0.054930 -0.772710 0.638430
0.060300 -0.771970 0.638180
0.053960 -0.776610 0.637700
0.049800 -0.774900 0.636230
0.046140 -0.771970 0.635010
0.051760 -0.774660 0.638430
0.057370 -0.771480 0.640140
0.063480 -0.771240 0.644530
0.056150 -0.769040 0.642820
0.050050 -0.765380 0.637940
0.047850 -0.764890 0.637700
0.042720 -0.763430 0.643070
0.058110 -0.761720 0.645750
0.063230 -0.762940 0.645020
0.055180 -0.763180 0.649660
0.049320 -0.761960 0.644290
0.052000 -0.760500 0.640380
0.056400 -0.760010 0.643310
0.059080 -0.755860 0.644040
0.052000 -0.752200 0.650150
0.041500 -0.751710 0.650880
0.043210 -0.751710 0.654050
0.052250 -0.756840 0.660160
0.061770 -0.753170 0.670650
0.069580 -0.746340 0.673830
0.061770 -0.741460 0.679690
0.048100 -0.735600 0.676760
0.031740 -0.734380 0.674560
0.021480 -0.735110 0.668700
0.024900 -0.732910 0.670900
0.042480 -0.732180 0.675540
0.052730 -0.730470 0.682620
0.059330 -0.733400 0.690190
0.060300 -0.730960 0.690430
0.055180 -0.726320 0.692380
0.051510 -0.728270 0.691160
0.046630 -0.725340 0.687500
0.040530 -0.723880 0.690430
0.044920 -0.726070 0.692140
0.042480 -0.729000 0.693360
0.036620 -0.726810 0.700200
0.036380 -0.723630 0.708500
0.052730 -0.717770 0.709960
0.049070 -0.714600 0.712890
0.039060 -0.717530 0.710940
0.034180 -0.719730 0.709720
0.036130 -0.718020 0.706790
0.040530 -0.714840 0.705570
0.041260 -0.711430 0.703130
0.041020 -0.706540 0.704590
0.044190 -0.708500 0.708500
0.043210 -0.711180 0.709470
0.038570 -0.707280 0.712650
0.040770 -0.704100 0.709470
0.048580 -0.700200 0.709470
0.051030 -0.700200 0.709960
0.046390 -0.704590 0.708010
0.046390 -0.708250 0.703610
0.038330 -0.710690 0.704830
0.035400 -0.707280 0.707030
0.042970 -0.702150 0.712400
0.038090 -0.695560 0.712400
0.035160 -0.692870 0.717770
0.046630 -0.692140 0.714840
0.046140 -0.697750 0.716550
0.039310 -0.698490 0.713130
0.034670 -0.695310 0.713870
0.033690 -0.693120 0.713870
0.035400 -0.689450 0.719970
0.039310 -0.682860 0.719730
0.039310 -0.682860 0.728520
0.041990 -0.683840 0.728760
0.045170 -0.683590 0.738280
0.051030 -0.681880 0.745360
0.054930 -0.675780 0.752200
0.054690 -0.672360 0.755620
0.046880 -0.666990 0.758790
0.039310 -0.670170 0.759520
0.031490 -0.667480 0.761720
0.033690 -0.664060 0.768310
0.032230 -0.662600 0.774410
0.039790 -0.657470 0.776610
0.047120 -0.661380 0.776120
0.059570 -0.658690 0.775390
0.051760 -0.658200 0.769040
0.047850 -0.655030 0.764400
0.037350 -0.657710 0.762700
0.032710 -0.657710 0.760990
0.036620 -0.659180 0.763180
0.045900 -0.657470 0.768310
0.053220 -0.659180 0.765630
0.061770 -0.657710 0.761720
0.061770 -0.656010 0.760250
0.062260 -0.657230 0.758060
0.058110 -0.659420 0.760010
0.050780 -0.653560 0.766360
0.050780 -0.650630 0.775390
0.061520 -0.651120 0.780520
0.061520 -0.646970 0.781980
0.054440 -0.645750 0.779300
0.050290 -0.640630 0.774660
0.044920 -0.645750 0.772460
0.041500 -0.642090 0.772460
0.044680 -0.637210 0.775880
0.054930 -0.637940 0.783200
0.052490 -0.628910 0.783690
0.056150 -0.635250 0.783690
0.055660 -0.644780 0.782230
0.055420 -0.645510 0.776860
0.059330 -0.643550 0.775630
0.053960 -0.637450 0.768070
0.048580 -0.633300 0.771970
0.047610 -0.632080 0.771480
0.055180 -0.632080 0.771480
0.062010 -0.633060 0.775630
0.068850 -0.630130 0.772220
0.067380 -0.631350 0.775390
0.069340 -0.628910 0.772460
0.065190 -0.624760 0.773930
0.055660 -0.628910 0.777340
0.058350 -0.630370 0.778320
0.053960 -0.632810 0.788090
0.047850 -0.630130 0.787110
0.048830 -0.628910 0.787600
0.053220 -0.622560 0.784910
0.049320 -0.618650 0.786870
0.047850 -0.620610 0.789060
0.050290 -0.617680 0.792240
0.050780 -0.615720 0.790530
0.049560 -0.603520 0.797360
0.045170 -0.604250 0.797610
0.039550 -0.605220 0.798100
0.037840 -0.606930 0.803710
0.054930 -0.604000 0.805180
0.066160 -0.601810 0.806880
0.062500 -0.604490 0.802980
0.062740 -0.604490 0.800540
0.051760 -0.602050 0.796880
0.036130 -0.604250 0.797360
0.027590 -0.604980 0.803470
0.033690 -0.597900 0.807130
0.052250 -0.593750 0.807860
0.069090 -0.590820 0.805660
0.070310 -0.597170 0.805180
0.071530 -0.600340 0.799320
0.065670 -0.599120 0.796630
0.057370 -0.598880 0.799800
0.060300 -0.598140 0.802250
0.067140 -0.599370 0.810300
0.071780 -0.599120 0.815920
0.069820 -0.590820 0.815190
0.067380 -0.587890 0.814940
0.066160 -0.586670 0.812500
0.065920 -0.588380 0.812740
0.063960 -0.586180 0.815190
0.065190 -0.587890 0.826170
0.057130 -0.583010 0.828860
0.051760 -0.577150 0.833500
0.053710 -0.568850 0.835690
0.056150 -0.568360 0.838380
0.048100 -0.570560 0.838870
0.043460 -0.571780 0.835210
0.046140 -0.570070 0.829590
0.057860 -0.566160 0.827640
0.066890 -0.565430 0.826170
0.062740 -0.570800 0.823490
0.051760 -0.577150 0.820560
0.047850 -0.570070 0.822020
0.052000 -0.564210 0.821780
0.061520 -0.563480 0.823970
0.071040 -0.568120 0.827150
0.080080 -0.563960 0.827880
0.082520 -0.561280 0.825440
0.083010 -0.569580 0.819340
0.076900 -0.574220 0.818360
0.077880 -0.579590 0.813230
0.083250 -0.574710 0.815190
0.078370 -0.567870 0.822510
0.075200 -0.566890 0.824220
0.071040 -0.567630 0.828370
0.069820 -0.571040 0.825440
0.068600 -0.569580 0.831300
0.075200 -0.568360 0.834960
0.075930 -0.565430 0.833500
0.078130 -0.562500 0.839110
0.076170 -0.557620 0.835210
0.074950 -0.557860 0.833500
0.073970 -0.560300 0.835450
0.073240 -0.561520 0.841310
0.068360 -0.550780 0.836180
0.071290 -0.543460 0.837650
0.070070 -0.547610 0.838130
0.065190 -0.550780 0.842040
0.059570 -0.552980 0.841550
0.064700 -0.555180 0.837160
0.079350 -0.554930 0.828860
0.084470 -0.554930 0.827880
0.082760 -0.550290 0.827880
0.081050 -0.548100 0.830080
0.082280 -0.538820 0.836430
0.084960 -0.535640 0.838620
0.091310 -0.536130 0.845950
0.089600 -0.538090 0.850340
0.089110 -0.537600 0.850590
0.087160 -0.537600 0.853030
0.082280 -0.533940 0.852780
0.073000 -0.535890 0.843990
0.072020 -0.533690 0.851320
0.075200 -0.534670 0.854740
0.073970 -0.531250 0.862300
0.083500 -0.529790 0.870610
0.087890 -0.524410 0.871580
0.088380 -0.520020 0.864500
0.088380 -0.522460 0.858890
0.084470 -0.522950 0.856930
0.077880 -0.525630 0.854000
0.075200 -0.525630 0.854490
0.076660 -0.520260 0.859130
0.088380 -0.510250 0.861570
0.103030 -0.509280 0.867430
0.095460 -0.510990 0.859620
0.090580 -0.509520 0.852780
0.086430 -0.517090 0.850100
0.081050 -0.515140 0.855220
0.077640 -0.512700 0.855960
0.079830 -0.507570 0.861330
0.087890 -0.505130 0.864010
0.097410 -0.495360 0.865720
0.108640 -0.500980 0.863040
0.103030 -0.500730 0.858890
0.092290 -0.502930 0.858890
0.091550 -0.506100 0.860350
0.097410 -0.504390 0.868650
0.105710 -0.501220 0.874020
0.097900 -0.498540 0.881350
0.095950 -0.485600 0.885250
0.091800 -0.480470 0.891110
0.094970 -0.476070 0.892820
0.091800 -0.475340 0.893800
0.086180 -0.476320 0.888670
0.086430 -0.475590 0.891600
0.085690 -0.473880 0.898930
0.087650 -0.469970 0.904790
0.088870 -0.465330 0.906980
0.091060 -0.460940 0.907230
0.094970 -0.456790 0.893800
0.093990 -0.458010 0.888180
0.098390 -0.467530 0.893310
0.106200 -0.473630 0.891110
0.100100 -0.470210 0.890140
0.090090 -0.468990 0.891360
0.082760 -0.459960 0.893550
0.081790 -0.460940 0.895260
0.089600 -0.455080 0.900150
0.095950 -0.453860 0.901610
0.095700 -0.452880 0.903080
0.088620 -0.448730 0.902100
0.085450 -0.448970 0.902100
0.080570 -0.455080 0.906980
0.086910 -0.454100 0.909910
0.098880 -0.447510 0.913570
0.102780 -0.435790 0.908450
0.103760 -0.433840 0.905030
0.101070 -0.435790 0.904790
0.097900 -0.436280 0.906740
0.110840 -0.435060 0.911130
0.116460 -0.435060 0.912600
0.110840 -0.432620 0.909670
0.101320 -0.442380 0.904050
0.103030 -0.441410 0.903320
0.097410 -0.435550 0.905030
0.095700 -0.432370 0.908200
0.103760 -0.425540 0.911380
0.105960 -0.421630 0.909180
0.096680 -0.424320 0.912350
0.102050 -0.424560 0.913330
0.097660 -0.421140 0.910640
0.101320 -0.420410 0.911870
0.095700 -0.415530 0.914550
0.101810 -0.416260 0.916990
0.099370 -0.416500 0.918460
0.091800 -0.420170 0.921630
0.093510 -0.409420 0.924800
0.100340 -0.394780 0.922120
0.098630 -0.397460 0.919680
0.097900 -0.402590 0.916500
0.100590 -0.406980 0.915770
0.093510 -0.408690 0.915530
0.095210 -0.405760 0.915040
0.097410 -0.401610 0.917720
0.104740 -0.398190 0.922360
0.111330 -0.390140 0.914060
0.112060 -0.391110 0.917720
0.113280 -0.392580 0.912110
0.113040 -0.392820 0.912840
0.107180 -0.392330 0.915040
0.095700 -0.383540 0.930660
0.100830 -0.374020 0.943120
0.111820 -0.370360 0.949460
0.111080 -0.366460 0.951170
0.097170 -0.363040 0.950680
0.095950 -0.354980 0.946530
0.108890 -0.351320 0.948490
0.110600 -0.350100 0.941160
0.099850 -0.356930 0.938960
0.114990 -0.362550 0.938960
0.119630 -0.365230 0.943120
0.119380 -0.359620 0.941650
0.112790 -0.350340 0.937260
0.118900 -0.343020 0.939210
0.127440 -0.340090 0.943120
0.130620 -0.336910 0.940190
0.114750 -0.345210 0.939700
0.107180 -0.348880 0.940430
0.115230 -0.348630 0.945800
0.119630 -0.324460 0.943360
0.126710 -0.310550 0.949220
0.127440 -0.312990 0.949950
0.124760 -0.324710 0.947270
0.104740 -0.327150 0.938230
0.091310 -0.327640 0.949460
0.104250 -0.312010 0.970210
0.116940 -0.306150 0.982420
0.124760 -0.303470 0.978760
0.120610 -0.307370 0.977290
0.090580 -0.309810 0.965090
0.060300 -0.307860 0.950930
0.042480 -0.301030 0.950680
0.056400 -0.290770 0.957030
0.093990 -0.292480 0.967290
0.115230 -0.297360 0.974120
0.121090 -0.302250 0.971680
0.123780 -0.297850 0.962890
0.118160 -0.299070 0.952880
0.100830 -0.293950 0.945800
0.089110 -0.288570 0.947020
0.092770 -0.289550 0.951170
0.100340 -0.293210 0.957520
0.120360 -0.289790 0.973630
0.139160 -0.288330 0.975830
0.138180 -0.284180 0.969970
0.119380 -0.279540 0.948000
0.095210 -0.277100 0.936770
0.084960 -0.284180 0.947270
0.084470 -0.283690 0.961910
0.094730 -0.268800 0.972660
0.105710 -0.265140 0.983890
0.111080 -0.265140 0.985840
0.116210 -0.266360 0.984130
0.099850 -0.263670 0.979490
0.083010 -0.253660 0.967040
0.071530 -0.248050 0.962890
0.061520 -0.250730 0.966550
0.071290 -0.253660 0.975830
0.088130 -0.249760 0.983890
0.114010 -0.247070 0.988530
0.114990 -0.247070 0.986820
0.109130 -0.246580 0.975100
0.097660 -0.242680 0.965820
0.085450 -0.241700 0.958250
0.077150 -0.237550 0.967040
0.082520 -0.236570 0.980220
0.085690 -0.231690 0.988280
0.086670 -0.233640 0.981690
0.086180 -0.236820 0.984380
0.085210 -0.235600 0.982670
0.079830 -0.224370 0.977050
0.083010 -0.221440 0.979250
0.082520 -0.225590 0.979980
0.068360 -0.217770 0.986820
0.057860 -0.220210 0.983640
0.047120 -0.225100 0.978270
0.054690 -0.222660 0.977050
0.069340 -0.203130 0.976070
0.082520 -0.194580 0.977050
0.076660 -0.198730 0.981930
0.073970 -0.200930 0.978270
0.076660 -0.200930 0.982910
0.085690 -0.199710 0.986330
0.082280 -0.193850 1.003420
0.071530 -0.193600 1.016110
0.054690 -0.184570 1.005860
0.028080 -0.181150 0.994140
0.018070 -0.168950 0.985110
0.020750 -0.164310 0.980710
0.038090 -0.168950 0.985840
0.052980 -0.174800 0.984860
0.054200 -0.178470 0.980960
0.038820 -0.177250 0.970950
0.021480 -0.169920 0.964360
0.025880 -0.163090 0.974610
0.052490 -0.158940 0.983150
0.072510 -0.163330 0.994140
0.079590 -0.160400 1.003420
0.073490 -0.152340 1.002200
0.056400 -0.158200 0.995850
0.035890 -0.154540 0.985350
0.027100 -0.139400 0.985840
0.015140 -0.132080 0.999510
0.016110 -0.118650 1.008540
0.029050 -0.119870 1.028080
0.041990 -0.129640 1.032710
0.030760 -0.133540 1.038330
0.015140 -0.125730 1.028560
-0.001710 -0.124760 1.027100
0.000730 -0.120120 1.029790
0.010010 -0.112060 1.023190
0.012210 -0.113280 1.020020
0.001460 -0.116940 1.008540
-0.021000 -0.127200 1.012940
-0.025880 -0.112790 1.018310
-0.002930 -0.101070 1.028560
0.024900 -0.104980 1.032960
0.043210 -0.103030 1.028320
0.043700 -0.109380 1.000730
0.034420 -0.101070 0.987060
0.034910 -0.106450 0.990970
0.039550 -0.112790 1.000730
0.041260 -0.111080 0.997800
0.043950 -0.110600 0.988040
0.037110 -0.108400 0.984130
0.023680 -0.106200 0.976560
0.022220 -0.103760 0.979980
0.024170 -0.101070 0.985110
0.022220 -0.088620 1.000980
0.018070 -0.078860 1.018800
0.026370 -0.077390 1.025880
0.024660 -0.076900 1.013180
-0.001220 -0.067630 1.002690
-0.021240 -0.066410 0.992190
-0.020750 -0.064210 0.994140
-0.016360 -0.056640 1.007810
-0.001950 -0.048580 1.014650
0.005620 -0.054690 1.031250
0.000240 -0.058110 1.042970
-0.014160 -0.057130 1.055420
-0.024900 -0.041750 1.043460
-0.027340 -0.045650 1.031250
-0.021480 -0.058110 1.013920
-0.002440 -0.063960 1.005130
0.002200 -0.056880 0.998290
-0.015630 -0.050540 0.992920
-0.037840 -0.049320 0.998780
-0.049800 -0.038570 1.010500
-0.041990 -0.033690 1.024900
-0.030270 -0.030030 1.033690
-0.018070 -0.030030 1.037110
-0.011230 -0.024170 1.031980
-0.024410 -0.021480 1.023190
-0.038570 -0.022460 0.992680
-0.055180 -0.019780 0.990230
-0.049320 -0.012700 0.995610
-0.049560 -0.005860 1.004640
-0.043700 -0.010500 1.011470
-0.047360 -0.012700 1.020020
-0.064940 -0.006350 1.017330
-0.072270 0.006350 1.012700
-0.078130 0.010010 1.024660
-0.082280 0.012700 1.028320
-0.084720 0.003660 1.033450
-0.082280 0.002690 1.031010
-0.074220 0.011470 1.024170
-0.078370 0.011720 1.025390
-0.082760 0.010740 1.016110
-0.084230 0.009520 1.008060
-0.092770 0.016360 1.009280
-0.095210 0.019040 1.018070
-0.074710 0.019290 1.026860
-0.075440 0.014890 1.030520
-0.089840 0.015140 1.022950
-0.092530 0.001220 1.010500
-0.097170 0.002690 0.992430
-0.113040 0.010250 0.980710
-0.133060 0.019530 0.989260
-0.130620 0.034910 1.006590
-0.122800 0.034910 1.028560
-0.102780 0.022220 1.036380
-0.096440 0.007080 1.028080
-0.104000 0.006350 1.005130
-0.119630 0.012210 0.986330
-0.121580 0.019040 0.979250
-0.125730 0.019290 0.986820
-0.123290 0.018550 1.006350
-0.111080 0.033450 1.027100
-0.100340 0.039060 1.035400
-0.104000 0.040770 1.025880
-0.106690 0.032230 1.016600
-0.107910 0.019290 0.998290
-0.106450 0.027830 0.996340
-0.117190 0.033940 1.012210
-0.131590 0.052250 1.020510
-0.123050 0.051270 1.022460
-0.112060 0.046140 1.017820
-0.110350 0.032470 1.025150
-0.119630 0.014650 1.024170
-0.106450 0.015380 1.018550
-0.093260 0.020750 1.018550
-0.097900 0.024410 1.008790
-0.102540 0.027590 0.994140
-0.113280 0.016360 0.988040
-0.111330 0.015380 0.988280
-0.094240 0.014650 0.997800
-0.082520 0.022710 1.013670
-0.083740 0.023190 1.007320
-0.099120 0.022710 0.995850
-0.104740 0.018070 0.996580
-0.097170 0.021240 1.006100
-0.104740 0.025880 1.017330
-0.112550 0.027100 1.020750
-0.112790 0.027590 1.015630
-0.113280 0.029050 1.008540
-0.129390 0.029540 1.007810
-0.140140 0.031490 1.000000
-0.143550 0.031010 0.996340
-0.131590 0.026610 1.009770
-0.120360 0.026120 1.023930
-0.114010 0.027340 1.029050
-0.116460 0.029540 1.024170
-0.133540 0.030030 1.017090
-0.137210 0.025880 1.003170
-0.140870 0.024660 1.001710
-0.138920 0.025630 1.009030
-0.143550 0.031980 1.023680
-0.139890 0.042240 1.027100
-0.119630 0.031740 1.030270
-0.103270 0.019780 1.026610
-0.104000 0.014650 1.010740
-0.108890 0.016600 0.996090
-0.110840 0.008540 0.982180
-0.114260 0.003660 0.980470
-0.119630 0.002440 0.991700
-0.100590 0.012450 1.004150
-0.082760 0.016110 1.013670
-0.090090 0.008790 1.014160
-0.118160 0.011230 1.003420
-0.137700 0.008060 0.996580
-0.137940 0.008300 1.000980
-0.133790 0.013180 1.003170
-0.130370 0.023680 1.010250
-0.123290 0.015870 1.016360
-0.124760 0.008790 1.016110
-0.136720 0.006100 1.001220
-0.143550 0.006840 0.991940
-0.132570 0.000980 0.985110
-0.137450 0.005860 0.992430
-0.142330 0.008790 1.001220
-0.131840 0.005620 1.016600
-0.129390 0.004640 1.024660
-0.137940 0.004880 1.017580
-0.143310 0.003420 1.014650
-0.146730 0.005620 0.998780
-0.154790 0.005370 0.998050
-0.171140 0.013180 0.993650
-0.173830 0.013430 0.996580
-0.178470 0.011470 1.006840
-0.166500 0.003170 1.006100
-0.152830 0.000490 1.005620
-0.150630 0.000490 1.002200
-0.162110 0.003660 1.001950
-0.172120 0.003170 1.001460
-0.171630 0.011230 0.989500
-0.172120 0.006840 0.996090
-0.167240 0.002930 0.999270
-0.159910 -0.003170 0.996090
-0.151860 -0.007570 0.994380
-0.165770 -0.007810 0.982180
-0.180660 -0.008300 0.988770
-0.191160 -0.001460 0.984380
-0.192380 0.000980 0.990480
-0.192630 0.002440 0.993650
-0.187990 -0.000980 1.002440
-0.177490 -0.000490 1.005130
-0.175780 -0.004880 1.003420
-0.190920 -0.008060 1.000240
-0.209960 -0.005860 0.993900
-0.207280 -0.003910 0.981450
-0.196780 -0.005370 0.985600
-0.183840 -0.007080 0.993650
-0.188960 -0.003660 1.001460
-0.193850 0.000980 1.011960
-0.190920 -0.000240 1.009030
-0.198000 -0.003420 1.011720
-0.204100 -0.014400 0.988280
-0.211430 -0.013920 0.980960
-0.203860 -0.005860 0.986330
-0.187010 -0.005370 0.992920
-0.182620 -0.005860 1.000730
-0.178960 0.001460 1.001950
-0.178470 0.006840 1.006350
-0.186280 -0.004390 1.018550
-0.177490 -0.008060 1.009280
-0.176760 -0.010500 0.998780
-0.182370 0.000490 1.006840
-0.184810 0.006590 1.003420
-0.180910 0.004880 1.007570
-0.176270 -0.001460 1.018550
-0.182370 -0.016360 1.032960
-0.178220 -0.007320 1.033940
-0.158940 -0.002930 1.011470
-0.144530 -0.011720 0.992680
-0.121090 -0.027100 0.983640
-0.105220 -0.038570 0.977290
-0.103030 -0.041990 0.973390
-0.095700 -0.037840 0.979740
-0.074950 -0.036870 0.993900
-0.049560 -0.024660 1.014890
-0.052730 -0.018550 1.027830
-0.072510 -0.010500 1.025630
-0.087890 -0.014160 1.003910
-0.083010 -0.023440 1.000980
-0.061040 -0.033200 1.012450
-0.033200 -0.037840 1.014650
-0.025630 -0.038570 1.015870
-0.022950 -0.037350 1.003420
-0.025390 -0.030030 0.996090
-0.023440 -0.037110 1.007570
-0.005130 -0.026370 1.013430
-0.000980 -0.032470 1.019040
-0.012210 -0.039060 1.004640
-0.017090 -0.034670 0.993160
-0.021240 -0.041990 0.993900
-0.015870 -0.036380 0.990720
0.004640 -0.045410 1.005130
0.023930 -0.036870 1.013920
0.036380 -0.034180 1.012700
0.032710 -0.041020 1.017580
0.033940 -0.046140 1.024900
0.029540 -0.044190 1.020260
0.024660 -0.038090 1.011470
0.027340 -0.034670 1.019530
0.044430 -0.032960 1.027340
0.055660 -0.041260 1.038820
0.065920 -0.036380 1.036620
0.077640 -0.040530 1.023680
0.088380 -0.036870 1.016360
0.125000 -0.040040 1.016600
0.149170 -0.049560 1.020260
0.147220 -0.059080 1.007570
0.143550 -0.057130 0.988770
0.123780 -0.057370 0.980960
0.122800 -0.065670 0.984130
0.128660 -0.049560 0.990230
0.134280 -0.038330 0.997560
0.126460 -0.039060 0.994380
0.122310 -0.061520 0.990970
0.124270 -0.064450 0.980960
0.133540 -0.071780 0.999020
0.154790 -0.067380 1.017820
0.176030 -0.051270 1.024170
0.189210 -0.047120 1.012700
0.174070 -0.051030 1.018310
0.165770 -0.034180 0.992920
0.179200 -0.054440 0.979490
0.196780 -0.070560 0.979980
0.206300 -0.068850 0.986820
0.204830 -0.066650 0.991700
0.186040 -0.045900 0.984620
0.193600 -0.042970 0.990970
0.218750 -0.043700 0.986330
0.230220 -0.052000 0.987060
0.229740 -0.062260 0.986820
0.209960 -0.060550 0.978520
0.201660 -0.058840 0.978270
0.191890 -0.055420 0.978270
0.194090 -0.058840 0.983150
0.205080 -0.059080 0.982420
0.212650 -0.065670 0.974120
0.202150 -0.066160 0.977290
0.222660 -0.063720 0.992920
0.271240 -0.062740 1.009030
0.268800 -0.064700 1.023680
0.209470 -0.054930 1.022220
0.159910 -0.041750 0.992680
0.208010 -0.040040 0.981930
0.292970 -0.036870 0.974610
0.322270 -0.052490 0.971680
0.281490 -0.064700 0.956050
0.216310 -0.074460 0.941160
0.218020 -0.079590 0.944340
0.271480 -0.083250 0.964600
0.335450 -0.082520 0.986080
0.339110 -0.071040 0.986330
0.289060 -0.076420 0.968750
0.266110 -0.073490 0.947020
0.271730 -0.060300 0.928470
0.288820 -0.083500 0.930910
0.302730 -0.095950 0.953370
0.311040 -0.078610 0.961670
0.294680 -0.066410 0.955320
0.325680 -0.062990 0.968510
0.359380 -0.060790 0.978520
0.331300 -0.064450 0.965330
0.302490 -0.061520 0.948000
0.304930 -0.072020 0.935790
0.328860 -0.071290 0.941160
0.321290 -0.062010 0.953370
0.341550 -0.058110 0.956790
0.355960 -0.069340 0.964110
0.341310 -0.065430 0.957030
0.336180 -0.057370 0.951900
0.338380 -0.065190 0.944580
0.344970 -0.073000 0.938230
0.345460 -0.078860 0.934330
0.350830 -0.080570 0.933840
0.364750 -0.067380 0.937990
0.369870 -0.051030 0.934570
0.372310 -0.051270 0.932130
0.377690 -0.064700 0.936040
0.382810 -0.080080 0.931400
0.371090 -0.096190 0.934570
0.358640 -0.079100 0.925540
0.362060 -0.063960 0.923100
0.385500 -0.049320 0.937740
0.392820 -0.042240 0.939450
0.390630 -0.061040 0.948240
0.375730 -0.067380 0.950440
0.363280 -0.062500 0.943120
0.366460 -0.046880 0.940430
0.354000 -0.061040 0.949950
0.360350 -0.041990 0.949950
0.368650 -0.031250 0.959230
0.370850 -0.042240 0.960940
0.368410 -0.048100 0.949950
0.362790 -0.050780 0.941650
0.366210 -0.052250 0.937740
0.376950 -0.050780 0.944820
0.402590 -0.054440 0.955810
0.427250 -0.064450 0.970460
0.413570 -0.042970 0.967290
0.392820 -0.034420 0.954830
0.367680 -0.040530 0.923340
0.357910 -0.064700 0.905520
0.373290 -0.071290 0.897950
0.413820 -0.076420 0.898680
0.448000 -0.076420 0.893310
0.466550 -0.086910 0.903560
0.438480 -0.071530 0.910890
0.430420 -0.073970 0.920170
0.442380 -0.069820 0.921140
0.446040 -0.071290 0.911870
0.461670 -0.067380 0.906010
0.478270 -0.058110 0.904540
0.464600 -0.068120 0.890870
0.445310 -0.084230 0.872310
0.436280 -0.081050 0.866940
0.430180 -0.065920 0.877690
0.440430 -0.055910 0.901860
0.445560 -0.060790 0.915040
0.457280 -0.085690 0.919680
0.466800 -0.087650 0.912840
0.453610 -0.074950 0.901370
0.449950 -0.074460 0.895510
0.443850 -0.072270 0.902830
0.444820 -0.064210 0.913090
0.449710 -0.068120 0.916750
0.476560 -0.073000 0.908690
0.495360 -0.071040 0.884030
0.491210 -0.069340 0.873780
0.470950 -0.083250 0.871830
0.458250 -0.094480 0.876950
0.448970 -0.083500 0.880130
0.462400 -0.070560 0.896240
0.503170 -0.051270 0.911620
0.516360 -0.056150 0.906010
0.497560 -0.078130 0.880860
0.472900 -0.101810 0.866210
0.471190 -0.099120 0.858640
0.468510 -0.072020 0.863040
0.474370 -0.049800 0.878420
0.493410 -0.055420 0.898190
0.499510 -0.072270 0.891850
0.516850 -0.086430 0.875730
0.514400 -0.098390 0.869380
0.509520 -0.095210 0.865230
0.493160 -0.071040 0.857420
0.488530 -0.067140 0.861080
0.506100 -0.070800 0.868900
0.513180 -0.067870 0.876220
0.501710 -0.075440 0.875000
0.506590 -0.079350 0.868650
0.525150 -0.079350 0.854740
0.536130 -0.073490 0.851320
0.539060 -0.068850 0.855710
0.533200 -0.075930 0.862300
0.530030 -0.081790 0.854000
0.527100 -0.092290 0.848630
0.525390 -0.090090 0.845950
0.555910 -0.082280 0.844480
0.555660 -0.076660 0.852050
0.538570 -0.081050 0.855960
0.526860 -0.077640 0.848390
0.532960 -0.086910 0.845700
0.548580 -0.090090 0.840090
0.572270 -0.091550 0.833250
0.586430 -0.089360 0.830810
0.584960 -0.087650 0.831540
0.583250 -0.084230 0.826170
0.579100 -0.092040 0.826420
0.573240 -0.095460 0.815920
0.574460 -0.096680 0.817140
0.562990 -0.085210 0.811770
0.578130 -0.083010 0.817630
0.589600 -0.080810 0.821040
0.596190 -0.088130 0.824460
0.594730 -0.092770 0.810790
0.596440 -0.097170 0.801760
0.591550 -0.105220 0.806400
0.585210 -0.100340 0.811280
0.591800 -0.086180 0.805660
0.590090 -0.079830 0.805180
0.605960 -0.071530 0.798340
0.629150 -0.090090 0.799320
0.642580 -0.108890 0.796630
0.627200 -0.115480 0.786620
0.613770 -0.108640 0.781250
0.603030 -0.086180 0.772950
0.602290 -0.078370 0.780270
0.624760 -0.083740 0.785160
0.642580 -0.089360 0.779300
0.642330 -0.093990 0.770510
0.628660 -0.104980 0.762700
0.624270 -0.096920 0.767330
0.636960 -0.101560 0.772950
0.668950 -0.105470 0.779050
0.691160 -0.087650 0.780760
0.677000 -0.078130 0.762700
0.666260 -0.078130 0.744870
0.665770 -0.102290 0.731930
0.659670 -0.115230 0.725100
0.659670 -0.116700 0.732420
0.675050 -0.111820 0.739260
0.677490 -0.095700 0.740480
0.666020 -0.086430 0.737300
0.677730 -0.097660 0.746340
0.689450 -0.098880 0.734860
0.698730 -0.106690 0.720460
0.687500 -0.116700 0.715580
0.677000 -0.113770 0.707760
0.673580 -0.113040 0.716060
0.682370 -0.097900 0.721920
0.664550 -0.087890 0.728520
0.682860 -0.095700 0.743650
0.714600 -0.087890 0.746340
0.705080 -0.084960 0.729740
0.682130 -0.109130 0.716800
0.687990 -0.119380 0.712890
0.681880 -0.114010 0.707030
0.701660 -0.100340 0.713620
0.722410 -0.080320 0.712160
0.724370 -0.091310 0.717770
0.731690 -0.105710 0.706540
0.733150 -0.114010 0.683590
0.730960 -0.118160 0.668460
0.720460 -0.119630 0.666500
0.731930 -0.119870 0.677980
0.739260 -0.099850 0.680910
0.739750 -0.094240 0.684570
0.741460 -0.091550 0.678220
0.749270 -0.109620 0.674800
0.748780 -0.120120 0.666500
0.748290 -0.119630 0.666260
0.750730 -0.121340 0.663090
0.743160 -0.108890 0.662110
0.732420 -0.106450 0.650150
0.757810 -0.110110 0.643800
0.793700 -0.116700 0.641850
0.808840 -0.119630 0.639650
0.782230 -0.117920 0.643310
0.740970 -0.119140 0.635010
0.743160 -0.121090 0.624510
0.751460 -0.122070 0.624760
0.769040 -0.128420 0.623290
0.795900 -0.129880 0.621340
0.795410 -0.125000 0.614750
0.782710 -0.126460 0.607670
0.772950 -0.129640 0.607910
0.773930 -0.128660 0.615230
0.785160 -0.124760 0.617920
0.787600 -0.116460 0.620850
0.793950 -0.117190 0.617680
0.802000 -0.115970 0.606450
0.798830 -0.126460 0.597410
0.766850 -0.135740 0.598140
0.749020 -0.137210 0.606930
0.776370 -0.126460 0.610600
0.801270 -0.115480 0.602050
0.816160 -0.111080 0.583980
0.815920 -0.123540 0.584960
0.811280 -0.120610 0.578860
0.804690 -0.114990 0.571290
0.796630 -0.100590 0.563480
0.815920 -0.109130 0.568850
0.832030 -0.117920 0.579350
0.830080 -0.114010 0.578860
0.834230 -0.107180 0.563960
0.837160 -0.102050 0.548340
0.839360 -0.104490 0.557860
0.831050 -0.101070 0.561040
0.825440 -0.092530 0.557860
0.832520 -0.109860 0.549560
0.830570 -0.130370 0.542240
0.830570 -0.127440 0.532470
0.842290 -0.119140 0.516360
0.851810 -0.109620 0.504390
0.846920 -0.106930 0.491700
0.856690 -0.125000 0.502690
0.861820 -0.122310 0.500490
0.867430 -0.120610 0.498780
0.863040 -0.113770 0.503420
0.858400 -0.106930 0.508790
0.846440 -0.107180 0.506350
0.849850 -0.119630 0.505620
0.851560 -0.128420 0.502440
0.849120 -0.123780 0.499020
0.855960 -0.121340 0.490720
0.857180 -0.128420 0.490480
0.864750 -0.130620 0.488770
0.868160 -0.128420 0.485600
0.854490 -0.121580 0.483890
0.866700 -0.119380 0.484130
0.867430 -0.122560 0.480710
0.879640 -0.127690 0.467530
0.879640 -0.124270 0.457760
0.874270 -0.131590 0.460940
0.877440 -0.132320 0.470460
0.866460 -0.129150 0.473390
0.855960 -0.117190 0.461670
0.862790 -0.125980 0.451420
0.898930 -0.133790 0.449950
0.890140 -0.140630 0.446290
0.882080 -0.137940 0.447510
0.867430 -0.136470 0.459960
0.871580 -0.129640 0.457760
0.883540 -0.129390 0.451660
0.895260 -0.143800 0.439940
0.909420 -0.146480 0.424070
0.917970 -0.146240 0.416990
0.906010 -0.137940 0.425050
0.879880 -0.135010 0.430180
0.878420 -0.129390 0.434810
0.890140 -0.131350 0.420900
0.904300 -0.137940 0.406490
0.902100 -0.155030 0.401610
0.903080 -0.152100 0.393800
0.904300 -0.144290 0.395260
0.905760 -0.146730 0.401860
0.903810 -0.142580 0.401370
0.895020 -0.146240 0.399410
0.885010 -0.145260 0.400630
0.890630 -0.149900 0.409420
0.893550 -0.140380 0.410640
0.884030 -0.128420 0.410890
0.891360 -0.132080 0.409180
0.896480 -0.125000 0.396240
0.890630 -0.133060 0.384030
0.892330 -0.145510 0.386470
0.910890 -0.157470 0.395020
0.926270 -0.160890 0.411380
0.913570 -0.152100 0.420650
0.891600 -0.135990 0.421630
0.891360 -0.132080 0.406980
0.924800 -0.139650 0.404540
0.943360 -0.150150 0.399170
0.942140 -0.147710 0.386230
0.939210 -0.161620 0.385250
0.927980 -0.154790 0.376950
0.938960 -0.149900 0.369630
0.947750 -0.143070 0.367430
0.939210 -0.153320 0.361080
0.925780 -0.150150 0.352780
0.906250 -0.147460 0.350590
0.911130 -0.145510 0.360840
0.928220 -0.142330 0.367430
0.940190 -0.146480 0.366700
0.941410 -0.151120 0.354980
0.939450 -0.158690 0.344480
0.936520 -0.154050 0.340330
0.929200 -0.136470 0.335690
0.924560 -0.143550 0.344970
0.914060 -0.153560 0.355220
0.920650 -0.149660 0.352540
0.937500 -0.152830 0.341310
0.940920 -0.155030 0.330810
0.946780 -0.156010 0.323490
0.939210 -0.155270 0.319820
0.933110 -0.156980 0.309330
0.939210 -0.161870 0.310300
0.937500 -0.158200 0.323730
0.931640 -0.146730 0.330320
0.930660 -0.138920 0.328610
0.940190 -0.151860 0.326170
0.954830 -0.159180 0.323970
0.954350 -0.157710 0.313230
0.951900 -0.151610 0.311280
0.940190 -0.147460 0.304690
0.934570 -0.157960 0.306640
0.946040 -0.151610 0.306150
0.944090 -0.142090 0.306150
0.951170 -0.149660 0.299560
0.968260 -0.161620 0.281490
0.977540 -0.166020 0.265140
0.957280 -0.151120 0.253910
0.946780 -0.154050 0.265870
0.940920 -0.145510 0.270510
0.950930 -0.140140 0.264400
0.964840 -0.158450 0.261230
0.967290 -0.161380 0.253170
0.956300 -0.162110 0.249020
0.945800 -0.157710 0.250730
0.952880 -0.154050 0.256100
0.962160 -0.132810 0.250000
0.971440 -0.137210 0.250490
0.972900 -0.146970 0.246340
0.975830 -0.159420 0.230710
0.969970 -0.174560 0.229980
0.955320 -0.168700 0.218260
0.949710 -0.166750 0.206300
0.957030 -0.167480 0.201900
0.967770 -0.165530 0.198240
0.967040 -0.161130 0.187500
0.954100 -0.163330 0.183590
0.953130 -0.162110 0.174320
0.975100 -0.175290 0.168460
0.992920 -0.168460 0.170410
0.998290 -0.163330 0.175050
0.984130 -0.155270 0.187500
0.978520 -0.148680 0.189450
0.970950 -0.145020 0.187500
0.970460 -0.153320 0.186040
0.971680 -0.155030 0.184570
0.970700 -0.155270 0.176030
0.975830 -0.158450 0.177730
0.976320 -0.154790 0.180180
0.976320 -0.147460 0.177250
0.984380 -0.166990 0.165280
1.002690 -0.162840 0.142580
1.000980 -0.159910 0.117920
0.988530 -0.165280 0.125980
0.977290 -0.151120 0.137210
0.963130 -0.143310 0.150880
0.959720 -0.143550 0.148190
0.970700 -0.155520 0.139650
0.987060 -0.163570 0.126460
0.989500 -0.165770 0.106930
0.980470 -0.160890 0.105710
0.976320 -0.161130 0.123780
0.975590 -0.149660 0.131590
0.979250 -0.151120 0.131100
0.989750 -0.158690 0.123050
1.004640 -0.162840 0.110110
1.003170 -0.157960 0.103760
0.980220 -0.148930 0.102290
0.965090 -0.144780 0.102290
0.959230 -0.142090 0.108150
0.970460 -0.140870 0.108640
0.991940 -0.146480 0.097410
1.010250 -0.152830 0.089600
1.015870 -0.157230 0.089360
1.000490 -0.145020 0.080080
0.970460 -0.139650 0.072020
0.968020 -0.137450 0.068120
0.986570 -0.137450 0.061280
1.006350 -0.138670 0.051510
1.002690 -0.142330 0.057370
0.998290 -0.146730 0.063480
0.986330 -0.141600 0.068120
0.982670 -0.138920 0.071780
0.986080 -0.145260 0.082760
0.977050 -0.142090 0.081050
0.981930 -0.147710 0.078130
0.985840 -0.145020 0.074950
0.978520 -0.138430 0.066890
0.980220 -0.145260 0.068120
0.982670 -0.151120 0.064940
0.993160 -0.148680 0.061040
1.000240 -0.144040 0.060790
0.997800 -0.143310 0.066410
0.994140 -0.144290 0.058840
0.992680 -0.148190 0.059570
1.004640 -0.150390 0.050290
1.011960 -0.150880 0.051510
0.999760 -0.137210 0.060790
0.983890 -0.132810 0.067380
0.979740 -0.134770 0.071780
0.978760 -0.141600 0.062740
0.991940 -0.141850 0.056640
0.987550 -0.139650 0.053470
0.995850 -0.135990 0.046140
1.003170 -0.137700 0.040280
0.999510 -0.144290 0.035640
0.991460 -0.144040 0.037110
0.979490 -0.147950 0.044680
0.961180 -0.142330 0.051510
0.970460 -0.135010 0.048340
0.999020 -0.135740 0.044430
1.013920 -0.141360 0.050780
0.994630 -0.136470 0.047850
0.981930 -0.140380 0.042970
0.984860 -0.149410 0.043460
0.987550 -0.145020 0.050290
0.994380 -0.135010 0.050290
0.996340 -0.133300 0.042240
0.996580 -0.147460 0.038570
1.002930 -0.151860 0.037840
0.996090 -0.144290 0.035160
0.972900 -0.137940 0.047610
0.984620 -0.137210 0.048340
0.996580 -0.138920 0.051270
1.005860 -0.142090 0.052490
1.001460 -0.143310 0.050780
0.996580 -0.141850 0.048830
0.989750 -0.138430 0.045650
0.990720 -0.137210 0.045900
1.002440 -0.132320 0.037110
1.008540 -0.135740 0.043950
1.002930 -0.142330 0.061520
0.994140 -0.145260 0.070070
0.985840 -0.141850 0.058350
0.988280 -0.140140 0.048830
0.990480 -0.139160 0.040770
1.001220 -0.146730 0.044190
0.990970 -0.145750 0.043700
0.977050 -0.153810 0.036380
0.972170 -0.163090 0.026370
0.967040 -0.159670 0.022460
0.984130 -0.151860 0.030030
0.994140 -0.148930 0.040040
0.990970 -0.158450 0.049320
0.987300 -0.165280 0.055420
0.982910 -0.157960 0.051030
0.992430 -0.150150 0.051510
0.999270 -0.155520 0.040770
1.007080 -0.163570 0.035890
0.999760 -0.163090 0.032470
0.989500 -0.157470 0.024900
0.991460 -0.160640 0.022220
0.988280 -0.156490 0.024900
0.990480 -0.160400 0.024410
0.993650 -0.169920 0.031980
0.990480 -0.167240 0.036620
0.984130 -0.150880 0.034420
0.996090 -0.156740 0.033450
1.000730 -0.166500 0.025390
1.002440 -0.168210 0.019530
0.976070 -0.168460 0.025880
0.948490 -0.161870 0.036870
0.968510 -0.160890 0.046880
0.992920 -0.151370 0.039550
1.014400 -0.156740 0.028320
1.022460 -0.162110 0.017090
1.001460 -0.160640 0.011230
0.970460 -0.161130 0.020750
0.964840 -0.151610 0.018800
0.965330 -0.148440 0.012700
0.987790 -0.156490 0.009770
1.005370 -0.163820 0.002690
1.000000 -0.165040 0.015630
0.990230 -0.161620 0.017330
0.969730 -0.153810 0.011230
0.977290 -0.163090 0.012450
0.979250 -0.165530 0.012940
0.988770 -0.166020 0.004640
0.992920 -0.174070 0.002690
0.993410 -0.172360 -0.003420
0.992190 -0.167970 -0.003170
0.999760 -0.173830 0.002440
0.985110 -0.171880 0.011230
0.974370 -0.160640 0.032470
0.972900 -0.159180 0.036380
0.976070 -0.156490 0.026370
0.998780 -0.161380 0.012450
1.006590 -0.162110 0.002930
1.007570 -0.169920 -0.007320
1.004640 -0.180660 -0.005860
0.993160 -0.173340 0.005860
0.980470 -0.162110 0.021730
0.977290 -0.143800 0.020260
0.967040 -0.141850 0.010990
0.979740 -0.150880 0.003910
1.004390 -0.163820 -0.011470
1.021480 -0.164310 -0.026120
1.021240 -0.172120 -0.035400
1.006840 -0.168460 -0.040770
0.980710 -0.163090 -0.034420
0.972660 -0.159420 -0.020750
0.975100 -0.161380 -0.021240
0.985600 -0.167970 -0.023440
0.997070 -0.167720 -0.037110
0.997310 -0.167970 -0.054440
0.988770 -0.166500 -0.063230
0.967770 -0.160890 -0.061040
0.961180 -0.158450 -0.051510
0.977540 -0.161870 -0.036620
0.993410 -0.155270 -0.026370
0.993900 -0.164310 -0.013180
0.995610 -0.164550 -0.015140
0.998540 -0.159420 -0.021970
0.999020 -0.159420 -0.030760
0.988530 -0.157470 -0.035400
0.985840 -0.163330 -0.027100
0.984130 -0.154050 -0.015870
0.986330 -0.151370 -0.005620
0.996090 -0.142580 -0.006350
1.008540 -0.149900 -0.021000
1.005620 -0.168700 -0.031250
0.996340 -0.177490 -0.030760
0.980710 -0.168700 -0.023440
0.970460 -0.153320 -0.022220
0.968260 -0.145750 -0.033200
0.994380 -0.156490 -0.049560
1.005860 -0.164060 -0.052490
0.993650 -0.163090 -0.030270
0.975100 -0.154300 -0.017820
0.984620 -0.142090 -0.016600
1.002930 -0.136720 -0.017090
1.002440 -0.130860 -0.022460
0.995610 -0.135740 -0.028320
0.991460 -0.152100 -0.040770
0.984860 -0.150150 -0.053220
0.995610 -0.162350 -0.059330
0.995120 -0.161380 -0.051760
0.985600 -0.156250 -0.034910
0.984380 -0.147220 -0.028080
0.981200 -0.138430 -0.035400
0.995120 -0.141600 -0.057620
1.001710 -0.154050 -0.071290
0.991940 -0.155270 -0.077390
0.978030 -0.166260 -0.070310
0.967770 -0.151120 -0.065920
0.979740 -0.145260 -0.053710
0.997800 -0.148680 -0.053470
1.002440 -0.148680 -0.060060
0.997310 -0.154050 -0.062500
0.975830 -0.148680 -0.065190
0.964360 -0.146970 -0.061770
0.974120 -0.138670 -0.060300
0.987300 -0.139160 -0.046390
1.006590 -0.143550 -0.046880
1.013920 -0.153080 -0.044680
1.009520 -0.151610 -0.056640
0.995850 -0.149900 -0.058590
0.982910 -0.146970 -0.056880
0.972170 -0.145510 -0.051270
0.979740 -0.149900 -0.051510
0.990720 -0.152590 -0.056880
0.992680 -0.151860 -0.063960
0.986080 -0.153080 -0.070310
0.991940 -0.155520 -0.066650
0.994140 -0.142090 -0.058110
0.993900 -0.133060 -0.056640
0.997070 -0.140870 -0.052000
0.990480 -0.142820 -0.057130
0.979000 -0.138920 -0.062260
0.984860 -0.139400 -0.068850
0.998540 -0.137210 -0.079830
0.998050 -0.138180 -0.076900
0.990970 -0.137940 -0.078130
0.989500 -0.143310 -0.070310
0.976560 -0.134770 -0.068120
0.973880 -0.137940 -0.063480
0.972410 -0.130370 -0.061280
0.979250 -0.128660 -0.063230
0.992190 -0.139160 -0.062260
1.007570 -0.145020 -0.065430
1.003910 -0.146730 -0.071290
0.993900 -0.146730 -0.078130
0.987790 -0.139650 -0.082520
0.989990 -0.136470 -0.080080
0.986820 -0.132570 -0.078610
0.968020 -0.132320 -0.083980
0.978270 -0.142820 -0.084960
0.986820 -0.149410 -0.090330
0.989750 -0.152340 -0.088130
0.992680 -0.148440 -0.081540
0.990720 -0.139160 -0.072510
0.987300 -0.135500 -0.067870
0.981200 -0.134030 -0.060550
0.974850 -0.136720 -0.067140
0.978270 -0.140380 -0.068360
0.996090 -0.146240 -0.067630
1.006100 -0.138920 -0.067140
1.004880 -0.140380 -0.062740
1.002200 -0.126710 -0.064450
0.993650 -0.115480 -0.073000
0.998050 -0.118900 -0.083010
0.985600 -0.134770 -0.095950
0.982670 -0.135990 -0.096920
0.977780 -0.145260 -0.089360
0.978760 -0.138670 -0.078370
0.979000 -0.126220 -0.078370
0.994140 -0.126710 -0.073490
1.000490 -0.130860 -0.069090
1.001950 -0.129150 -0.073000
0.994870 -0.126220 -0.087400
0.989260 -0.141850 -0.087400
0.979740 -0.140140 -0.081790
0.979980 -0.139160 -0.076170
0.988530 -0.135250 -0.074950
0.991940 -0.128660 -0.079350
0.995610 -0.133790 -0.079830
0.993160 -0.135250 -0.082280
0.990480 -0.130620 -0.091550
0.992680 -0.132810 -0.093750
0.992680 -0.126460 -0.098630
0.991210 -0.114750 -0.095460
0.982180 -0.121580 -0.097900
0.980220 -0.119380 -0.098880
1.000000 -0.128910 -0.102290
0.998540 -0.122800 -0.103030
0.998050 -0.121340 -0.090820
0.989260 -0.125240 -0.077880
0.982420 -0.126950 -0.072750
0.983400 -0.127200 -0.075200
0.985110 -0.125490 -0.080320
1.000240 -0.127200 -0.087650
1.004150 -0.122800 -0.090330
0.987300 -0.110110 -0.086910
0.992430 -0.113040 -0.092770
0.991700 -0.119140 -0.096190
0.994140 -0.116940 -0.089110
0.991210 -0.115970 -0.083740
0.982420 -0.109130 -0.092530
0.989010 -0.115230 -0.100590
0.993410 -0.119380 -0.106930
0.984130 -0.106930 -0.108640
0.989500 -0.105220 -0.109380
0.994630 -0.105220 -0.104980
0.990230 -0.110110 -0.099610
0.986330 -0.117680 -0.093020
0.991210 -0.114500 -0.091060
0.992190 -0.104250 -0.088870
0.989750 -0.104490 -0.086180
0.989010 -0.098630 -0.083980
0.988770 -0.109380 -0.075680
0.992680 -0.115230 -0.076170
1.000000 -0.113040 -0.074950
1.011720 -0.109380 -0.082520
1.014400 -0.104980 -0.088130
1.008060 -0.109130 -0.086910
0.980710 -0.097410 -0.085940
0.975830 -0.095700 -0.087160
0.977290 -0.100100 -0.085450
0.983890 -0.101320 -0.099610
0.995610 -0.111570 -0.108400
1.002930 -0.114500 -0.113530
0.998290 -0.114010 -0.110350
0.994140 -0.102290 -0.112300
0.977540 -0.099850 -0.106690
0.967770 -0.097660 -0.103030
0.982420 -0.101560 -0.102290
0.993410 -0.096680 -0.093750
0.981200 -0.088620 -0.088380
0.995850 -0.093990 -0.095950
1.010250 -0.101560 -0.104000
1.005860 -0.098630 -0.110350
0.987790 -0.098630 -0.106450
0.971440 -0.083740 -0.098880
0.967290 -0.080320 -0.096920
0.983400 -0.091060 -0.097410
0.999510 -0.087400 -0.111570
1.000240 -0.095210 -0.119630
1.002200 -0.100340 -0.117920
0.989500 -0.089840 -0.109130
0.985110 -0.073240 -0.106200
0.997070 -0.072020 -0.099120
1.011230 -0.083500 -0.101810
1.007810 -0.086180 -0.097660
0.991700 -0.081540 -0.084720
0.995850 -0.076660 -0.082760
0.996830 -0.066650 -0.104250
0.992190 -0.070800 -0.121580
0.989500 -0.081050 -0.127930
0.978030 -0.080320 -0.140140
0.976560 -0.073730 -0.140870
0.974610 -0.068120 -0.140140
0.989990 -0.061040 -0.136470
1.011960 -0.052730 -0.147220
1.014650 -0.051270 -0.154300
1.011230 -0.061040 -0.176030
0.992430 -0.060790 -0.176760
0.973880 -0.064940 -0.166260
0.958980 -0.062500 -0.157470
0.958500 -0.065430 -0.145260
0.977290 -0.056640 -0.138180
0.988040 -0.060300 -0.143550
1.004150 -0.053960 -0.159670
1.008540 -0.067870 -0.173100
0.998050 -0.079100 -0.171880
0.976320 -0.076900 -0.166990
0.954350 -0.076170 -0.148440
0.965090 -0.054690 -0.142820
0.993650 -0.042240 -0.152340
1.010990 -0.039550 -0.165040
1.017820 -0.046880 -0.175050
1.013430 -0.068360 -0.185300
0.987300 -0.067630 -0.167240
0.969480 -0.045410 -0.156740
0.993900 -0.039060 -0.151120
1.003420 -0.042480 -0.148930
1.005620 -0.046390 -0.159420
1.003420 -0.047610 -0.170650
0.996580 -0.054440 -0.170650
0.980710 -0.051760 -0.169430
0.966550 -0.052730 -0.159180
0.971190 -0.047360 -0.148190
0.989500 -0.039550 -0.146240
1.000490 -0.036620 -0.152340
0.993900 -0.040040 -0.159180
0.979740 -0.039550 -0.164790
0.977050 -0.036380 -0.179200
0.985110 -0.037840 -0.184080
0.988770 -0.042720 -0.183840
0.977290 -0.031980 -0.186040
0.975830 -0.041500 -0.185790
0.974120 -0.037110 -0.185300
0.974120 -0.028080 -0.187990
0.965330 -0.028320 -0.201900
0.968020 -0.031010 -0.204350
0.963870 -0.041750 -0.211180
0.960940 -0.052000 -0.189940
0.954100 -0.037840 -0.173100
0.978760 -0.031740 -0.175540
1.003910 -0.027590 -0.186040
1.005620 -0.038570 -0.189450
0.988040 -0.038330 -0.201660
0.982420 -0.040040 -0.207760
0.983640 -0.036380 -0.211910
0.975340 -0.031740 -0.204830
0.969730 -0.021730 -0.196290
0.960690 -0.024410 -0.186770
0.970950 -0.017090 -0.189450
0.996340 -0.019530 -0.201660
1.006590 -0.016850 -0.221920
0.998780 -0.020260 -0.229490
0.976320 -0.018070 -0.234130
0.954590 -0.016600 -0.227780
0.952150 -0.014400 -0.215820
0.952640 -0.011470 -0.190430
0.983150 -0.000490 -0.185550
1.002440 0.005860 -0.194090
1.003660 0.003420 -0.221190
0.985840 -0.011230 -0.230710
0.971440 -0.011470 -0.223140
0.960450 -0.004390 -0.211910
0.968260 -0.003420 -0.198000
0.984620 0.006100 -0.198000
0.986570 0.010990 -0.216550
0.982670 0.004390 -0.230960
0.973390 0.000000 -0.239010
0.955080 0.008540 -0.245360
0.953860 0.004150 -0.241940
0.964110 0.010010 -0.223630
0.982180 0.014400 -0.214840
1.010250 0.014650 -0.216060
1.003660 0.011960 -0.232180
0.982180 -0.001950 -0.236330
0.954100 0.002690 -0.245610
0.942870 0.006100 -0.246090
0.949950 0.001460 -0.239010
0.972900 0.000490 -0.234130
0.997070 -0.005370 -0.239750
0.996580 -0.013430 -0.246340
0.999510 -0.007570 -0.243160
0.999020 -0.013430 -0.229490
0.977050 -0.016850 -0.199220
0.953370 -0.026370 -0.188720
0.953860 -0.033690 -0.186280
0.964360 -0.034670 -0.189210
0.975340 -0.039060 -0.197750
0.995610 -0.049320 -0.188480
0.998780 -0.037350 -0.181150
1.005860 -0.033200 -0.178470
1.003170 -0.033940 -0.173340
0.983400 -0.038820 -0.174560
0.971920 -0.024410 -0.170900
0.962400 -0.014890 -0.180910
0.983890 -0.019040 -0.186770
1.008060 -0.025390 -0.197270
1.005130 -0.032470 -0.193120
1.000980 -0.036380 -0.206790
0.971190 -0.028560 -0.226810
0.971440 -0.029790 -0.232910
0.984380 -0.032470 -0.228760
0.990230 -0.040530 -0.204590
0.967530 -0.051270 -0.163570
0.969970 -0.088130 -0.165770
0.955810 -0.114990 -0.157230
1.003660 -0.120850 -0.145020
1.014160 -0.121090 -0.151860
0.988770 -0.120850 -0.146730
0.964360 -0.112300 -0.140380
0.963870 -0.089110 -0.166500
0.960940 -0.088620 -0.167720
0.963620 -0.091550 -0.151610
0.980710 -0.071040 -0.173100
0.970210 -0.055660 -0.179930
0.970950 -0.064450 -0.162350
0.968020 -0.074460 -0.154790
0.966550 -0.084230 -0.159910
0.973880 -0.085210 -0.159670
0.982910 -0.084470 -0.156490
0.990480 -0.076900 -0.160400
0.980470 -0.072020 -0.157960
0.967770 -0.058110 -0.169920
0.974610 -0.056880 -0.170410
0.968260 -0.056880 -0.155760
0.993900 -0.069340 -0.146000
1.015380 -0.097660 -0.141110
1.000240 -0.104250 -0.142090
0.970700 -0.105960 -0.133790
0.954830 -0.102540 -0.136470
0.957030 -0.079590 -0.146240
1.008790 -0.086430 -0.156980
1.038090 -0.103760 -0.157470
1.028320 -0.123540 -0.141850
0.989750 -0.130620 -0.125000
0.946780 -0.128420 -0.118410
0.935300 -0.113770 -0.125490
0.954590 -0.096190 -0.130620
1.003910 -0.086670 -0.127930
1.029050 -0.091060 -0.122070
1.020750 -0.102050 -0.110110
0.988530 -0.110110 -0.104740
0.957520 -0.114010 -0.100590
0.942380 -0.118160 -0.096440
0.950440 -0.112550 -0.093990
0.976070 -0.115970 -0.094970
1.007810 -0.125490 -0.099610
1.020260 -0.135500 -0.101070
1.012450 -0.139890 -0.104980
0.989750 -0.143550 -0.101320
0.969240 -0.149410 -0.094730
0.960690 -0.135740 -0.095460
0.985600 -0.143550 -0.088130
1.008790 -0.162110 -0.072750
1.004390 -0.165040 -0.070800
1.003660 -0.162110 -0.076420
1.006350 -0.174320 -0.075440
1.013430 -0.182860 -0.063230
1.009520 -0.181150 -0.053710
0.998290 -0.194820 -0.035160
0.988770 -0.201420 -0.019040
0.977290 -0.205570 -0.015630
0.971680 -0.195560 -0.024170
0.985110 -0.197510 -0.033450
0.999510 -0.198490 -0.037110
0.999020 -0.191410 -0.043700
1.002200 -0.189700 -0.055180
0.996580 -0.193850 -0.052730
0.976320 -0.194820 -0.054690
0.953610 -0.197020 -0.052000
0.945800 -0.196290 -0.049800
0.950930 -0.193850 -0.049800
0.972170 -0.193600 -0.040040
0.975830 -0.184570 -0.032710
0.982910 -0.173830 -0.034910
0.980710 -0.170410 -0.041260
0.976560 -0.166260 -0.048340
0.974370 -0.169430 -0.047120
0.969240 -0.170410 -0.047610
0.959230 -0.178470 -0.035640
0.962160 -0.189700 -0.030760
0.974120 -0.196040 -0.032960
0.980220 -0.200930 -0.035640
0.987300 -0.195310 -0.034420
0.996340 -0.194820 -0.037600
0.995850 -0.202390 -0.030520
0.985840 -0.205080 -0.021480
0.979980 -0.206790 -0.010250
0.987060 -0.213870 0.000000
0.987300 -0.210450 0.002440
0.991460 -0.207520 0.002200
0.994630 -0.205570 0.002930
0.993160 -0.201420 0.003660
0.979740 -0.205570 0.007810
0.972410 -0.208010 0.006350
0.972660 -0.215330 0.003420
0.971440 -0.226070 0.002440
0.967040 -0.227540 -0.001460
0.980220 -0.235840 -0.005370
0.985600 -0.238280 -0.009280
0.981930 -0.233400 -0.006590
0.965330 -0.221680 -0.010010
0.964840 -0.213130 -0.011960
0.972660 -0.212650 -0.012700
0.973630 -0.222410 -0.007810
0.961670 -0.228270 -0.004640
0.965820 -0.236080 -0.000490
0.975590 -0.242680 0.002930
0.976070 -0.245610 0.008790
0.969240 -0.241210 0.008060
0.979490 -0.235110 0.012700
0.989500 -0.236080 0.016110
0.985600 -0.246090 0.026120
0.979490 -0.244140 0.031250
0.961430 -0.242430 0.030760
0.959230 -0.241460 0.031010
0.969730 -0.241700 0.021240
0.979000 -0.239990 0.015630
0.979980 -0.249510 0.024170
0.976560 -0.246340 0.026610
0.960690 -0.244140 0.035400
0.963870 -0.243900 0.035400
0.972410 -0.239010 0.026610
0.980220 -0.237790 0.019040
0.979000 -0.233890 0.012940
0.977540 -0.241940 0.004390
0.968990 -0.241700 -0.006840
0.942140 -0.250490 -0.008540
