3.686670 11.386670 -16.216670
8.225000 18.865000 -23.677500
10.937500 23.222500 -23.572500
12.705000 24.412500 -24.220000
12.880000 20.947500 -26.390000
11.147500 14.822500 -28.472500
8.610000 8.505000 -29.855000
6.370000 5.355000 -30.695000
5.337500 5.442500 -29.557500
4.935000 2.957500 -26.845000
3.762500 -0.455000 -24.272500
3.692500 -2.852500 -21.210000
5.092500 -3.692500 -21.350000
6.755000 -5.390000 -24.290000
8.172500 -5.022500 -26.232500
9.135000 -2.432500 -27.475000
10.430000 1.872500 -28.997500
10.552500 5.792500 -28.630000
9.065000 4.777500 -28.070000
6.947500 -0.560000 -29.487500
4.952500 -5.530000 -28.052500
2.642500 -10.220000 -28.122500
0.192500 -12.652500 -29.435000
-1.260000 -13.650000 -29.610000
-1.960000 -13.195000 -28.367500
-2.782500 -10.097500 -27.125000
-3.430000 -7.735000 -26.547500
-4.147500 -8.242500 -26.232500
-5.337500 -9.485000 -24.902500
-6.895000 -8.085000 -22.575000
-7.805000 -5.950000 -18.270000
-7.560000 -4.375000 -14.910000
-6.090000 -3.465000 -14.140000
-3.990000 -5.075000 -13.440000
-2.030000 -4.672500 -12.320000
-0.630000 -0.945000 -10.780000
0.175000 0.542500 -7.035000
-0.297500 -0.332500 -3.062500
-0.892500 0.280000 -0.350000
-1.330000 0.875000 0.805000
-0.787500 2.187500 0.700000
-0.280000 3.535000 1.610000
1.137500 3.325000 2.397500
2.642500 3.220000 2.712500
3.832500 3.010000 3.395000
4.812500 2.520000 4.987500
4.935000 3.360000 7.035000
3.850000 3.307500 8.277500
3.062500 3.237500 8.382500
2.887500 2.782500 7.612500
2.922500 3.570000 7.717500
3.675000 2.485000 9.187500
4.165000 1.645000 11.795000
3.255000 0.945000 12.215000
1.382500 2.870000 11.690000
-0.332500 6.772500 8.452500
-0.997500 8.680000 5.057500
-0.455000 8.592500 3.692500
1.400000 5.722500 3.080000
4.112500 1.680000 1.925000
6.702500 1.050000 -0.437500
7.630000 1.522500 -1.697500
7.175000 3.045000 0.140000
6.790000 6.142500 2.555000
5.512500 10.430000 3.937500
3.570000 12.040000 3.255000
2.030000 9.852500 1.960000
0.315000 8.697500 -1.032500
-0.857500 9.362500 -4.235000
-2.240000 8.610000 -5.162500
-3.815000 9.467500 -4.130000
-4.410000 11.900000 -1.645000
-4.812500 12.845000 -1.592500
-4.655000 12.162500 -5.180000
-2.537500 12.565000 -10.185000
-1.277500 12.827500 -15.225000
-1.645000 14.875000 -18.340000
-2.817500 16.205000 -19.425000
-4.025000 13.317500 -16.887500
-4.007500 8.645000 -11.655000
-2.975000 4.655000 -6.545000
-2.800000 4.060000 -4.112500
-2.975000 5.372500 -1.907500
-3.762500 8.837500 -2.275000
-3.622500 13.055000 -2.695000
-2.030000 12.512500 -1.172500
0.227500 8.435000 3.500000
3.062500 4.095000 10.010000
4.987500 1.942500 15.085000
4.812500 3.517500 15.627500
4.725000 7.175000 13.422500
4.392500 9.310000 11.112500
4.865000 8.540000 9.030000
5.442500 4.060000 8.400000
5.985000 -0.402500 9.135000
6.037500 -1.015000 10.815000
4.865000 0.805000 11.760000
3.027500 1.925000 12.267500
1.382500 0.192500 10.045000
-0.052500 -0.857500 7.157500
-1.715000 -0.875000 6.317500
-1.942500 -0.262500 6.685000
-1.050000 0.227500 7.980000
-1.015000 0.770000 7.962500
-1.505000 0.700000 7.035000
-2.257500 0.490000 5.740000
-1.417500 0.752500 4.322500
-0.735000 0.367500 3.150000
0.297500 0.630000 2.100000
0.367500 0.560000 1.102500
0.717500 0.087500 1.417500
0.945000 0.087500 1.347500
1.015000 0.945000 1.225000
-0.087500 1.312500 0.455000
-1.715000 0.892500 1.120000
-3.412500 0.997500 1.697500
-4.550000 1.837500 1.382500
-5.040000 2.887500 -0.402500
-4.340000 2.572500 -1.330000
-2.555000 1.697500 -0.980000
-0.962500 2.030000 0.595000
0.875000 3.535000 2.817500
2.765000 4.235000 4.725000
4.235000 3.570000 6.387500
4.777500 1.855000 6.912500
4.672500 2.065000 7.280000
4.182500 4.287500 6.352500
3.517500 6.755000 4.970000
3.622500 6.282500 3.710000
3.465000 6.107500 2.520000
2.415000 6.317500 1.190000
0.962500 6.230000 0.752500
0.035000 5.302500 1.277500
-0.472500 5.355000 0.542500
-1.347500 5.950000 -1.155000
-1.067500 5.600000 -3.360000
-1.155000 4.130000 -5.810000
-1.540000 3.010000 -6.510000
-1.085000 1.802500 -5.932500
-0.735000 1.680000 -5.477500
-1.032500 2.800000 -5.005000
-1.032500 3.780000 -5.477500
-0.280000 2.677500 -4.812500
-0.280000 3.517500 -5.442500
0.245000 5.547500 -8.347500
0.000000 5.075000 -12.127500
-0.945000 4.025000 -15.435000
-1.190000 1.697500 -16.747500
-0.735000 -0.315000 -15.312500
0.017500 -1.137500 -10.570000
-0.787500 -0.507500 -6.020000
-1.487500 -0.192500 -4.952500
-0.227500 -2.432500 -4.812500
1.032500 -5.355000 -4.235000
1.295000 -1.365000 -6.510000
-0.542500 4.830000 -7.367500
-2.397500 6.650000 -7.437500
-4.725000 7.542500 -7.577500
-6.685000 9.415000 -9.940000
-9.205000 9.747500 -10.955000
-10.010000 7.892500 -11.165000
-8.382500 4.392500 -11.340000
-5.722500 1.312500 -11.567500
-2.607500 -0.175000 -11.252500
0.315000 0.752500 -10.167500
1.487500 4.252500 -9.730000
0.805000 6.912500 -12.442500
0.350000 5.162500 -14.262500
0.000000 0.805000 -13.877500
-0.122500 -2.607500 -10.500000
-0.787500 -4.322500 -6.562500
-2.257500 -3.132500 -4.375000
-1.085000 -0.157500 -6.090000
-1.837500 2.677500 -7.945000
-2.170000 4.042500 -10.167500
-1.400000 3.255000 -11.095000
-0.420000 1.120000 -12.530000
0.525000 0.157500 -11.777500
0.630000 -1.942500 -10.307500
-0.070000 -3.307500 -6.177500
-2.537500 0.980000 -5.810000
-4.340000 8.137500 -7.490000
-4.340000 6.685000 -7.980000
-0.437500 -2.135000 -5.652500
3.220000 -7.805000 0.070000
6.142500 -6.107500 4.392500
6.352500 -2.520000 5.372500
5.005000 1.680000 5.005000
3.255000 5.407500 4.795000
0.752500 8.382500 3.797500
-0.857500 8.837500 2.712500
-1.680000 7.087500 1.365000
-1.505000 4.322500 0.297500
-1.452500 1.400000 -1.592500
-2.310000 0.402500 -3.097500
-2.922500 2.292500 -2.730000
-4.515000 6.562500 -2.362500
-3.972500 5.337500 -1.855000
-2.905000 2.065000 -3.290000
-1.610000 3.727500 -1.802500
0.227500 5.985000 1.137500
0.980000 4.882500 2.362500
-0.437500 1.907500 3.045000
-1.190000 1.820000 1.347500
-4.147500 4.427500 -0.472500
-6.510000 7.035000 -1.995000
-8.837500 6.947500 -2.432500
-11.077500 9.275000 -2.450000
-12.302500 11.095000 -2.432500
-11.830000 10.395000 -2.030000
-10.097500 8.767500 -2.450000
-7.857500 6.527500 -4.515000
-7.140000 5.180000 -6.352500
-8.417500 6.037500 -7.892500
-9.082500 7.507500 -9.607500
-8.575000 5.757500 -9.485000
-8.680000 2.590000 -9.660000
-8.452500 1.750000 -11.165000
-8.802500 2.607500 -9.607500
-9.730000 2.257500 -8.382500
-9.695000 2.345000 -7.577500
-9.345000 3.867500 -5.285000
-9.432500 4.287500 -3.587500
-8.522500 5.477500 -3.692500
-7.245000 5.407500 -2.205000
-6.615000 5.845000 -1.487500
-5.705000 5.635000 -1.697500
-5.495000 5.320000 -2.747500
-5.005000 5.635000 -2.625000
-4.392500 2.660000 -1.382500
-3.622500 1.435000 -1.750000
-4.252500 2.152500 -1.610000
-5.652500 5.145000 -1.995000
-7.332500 6.492500 -2.887500
-7.840000 6.440000 -3.412500
-8.137500 5.775000 -4.270000
-8.207500 5.372500 -4.847500
-8.470000 3.920000 -4.445000
-9.327500 4.252500 -5.425000
-10.447500 7.630000 -6.370000
-11.952500 10.885000 -5.880000
-11.725000 11.042500 -6.667500
-11.742500 6.037500 -5.775000
-10.132500 0.455000 -5.600000
-9.397500 -2.240000 -5.022500
-9.100000 -0.857500 -5.845000
-9.695000 1.855000 -5.372500
-10.360000 1.942500 -5.197500
-10.692500 -0.087500 -5.547500
-9.677500 -0.472500 -4.602500
-6.667500 1.120000 -4.707500
-5.285000 0.157500 -3.167500
-5.232500 0.052500 -1.400000
-5.460000 0.787500 0.157500
-4.672500 1.785000 1.137500
-3.517500 2.520000 1.190000
-2.502500 1.312500 -0.332500
-1.837500 0.350000 -0.770000
-1.662500 -0.140000 0.140000
-1.120000 -0.350000 1.452500
-1.837500 -0.297500 1.890000
-3.115000 -0.507500 1.085000
-5.530000 0.105000 0.315000
-7.595000 1.050000 0.210000
-9.170000 1.995000 0.437500
-8.277500 1.312500 -0.682500
-7.262500 0.140000 -0.280000
-5.950000 0.210000 0.017500
-5.180000 0.752500 -0.140000
-5.215000 0.525000 0.910000
-6.685000 0.595000 1.592500
-7.507500 0.892500 2.712500
-7.735000 0.945000 4.252500
-7.472500 -0.122500 4.760000
-6.737500 0.630000 3.500000
-6.527500 1.540000 0.070000
-6.632500 0.875000 -1.277500
-6.912500 -0.385000 -1.330000
-7.140000 0.787500 -0.437500
-6.702500 0.927500 0.980000
-5.600000 -0.437500 1.382500
-6.615000 -0.630000 0.297500
-7.437500 -0.630000 -0.490000
-8.067500 0.437500 -0.770000
-8.172500 3.745000 0.017500
-9.100000 2.502500 -0.997500
-9.450000 -0.350000 -2.065000
-11.550000 -0.857500 -1.662500
-12.687500 -0.332500 -1.557500
-13.055000 1.155000 -1.295000
-13.002500 1.365000 -0.140000
-11.987500 0.227500 -0.350000
-11.637500 0.000000 -1.347500
-12.285000 0.017500 -2.642500
-12.355000 0.297500 -2.275000
-12.722500 0.997500 0.192500
-11.620000 1.172500 3.377500
-10.115000 0.770000 5.775000
-8.382500 0.367500 8.190000
-6.842500 0.192500 8.312500
-4.777500 0.087500 8.872500
-3.640000 0.525000 6.947500
-3.902500 0.682500 5.337500
-4.707500 0.035000 4.497500
-6.107500 -1.557500 4.095000
-6.090000 -2.100000 4.375000
-5.337500 -1.522500 4.707500
-5.320000 -0.717500 5.425000
-5.372500 0.577500 6.265000
-5.057500 -0.577500 5.530000
-4.532500 -3.850000 5.477500
-4.585000 -5.215000 4.585000
-4.847500 -4.200000 4.130000
-4.795000 -2.572500 3.867500
-4.305000 -1.802500 4.287500
-4.620000 -1.890000 5.512500
-5.040000 -1.907500 5.740000
-5.512500 -1.960000 4.585000
-5.722500 -3.430000 3.762500
-5.372500 -4.375000 2.257500
-5.215000 -4.077500 2.275000
-5.320000 -1.925000 1.225000
-5.057500 -0.822500 0.822500
-4.602500 -1.382500 2.380000
-3.727500 -2.782500 4.322500
-3.920000 -3.972500 6.842500
-5.092500 -2.975000 6.790000
-5.512500 -2.485000 5.757500
-5.460000 -2.380000 3.955000
-5.740000 -2.607500 1.295000
-7.385000 -2.765000 0.595000
-8.680000 -3.412500 1.120000
-9.677500 -3.202500 1.925000
-9.905000 -3.605000 1.837500
-9.712500 -4.060000 1.365000
-10.447500 -4.375000 1.820000
-11.707500 -5.425000 2.555000
-13.720000 -5.635000 3.045000
-14.332500 -5.127500 1.977500
-14.175000 -6.387500 1.557500
-14.280000 -8.260000 1.750000
-14.087500 -6.947500 2.362500
-13.755000 -5.075000 2.835000
-12.967500 -3.517500 3.150000
-12.040000 -2.275000 1.627500
-9.765000 -1.995000 0.402500
-7.525000 -1.715000 0.332500
-6.895000 -3.937500 2.782500
-6.877500 -6.230000 4.900000
-7.997500 -7.927500 7.262500
-8.715000 -7.490000 7.875000
-8.487500 -5.425000 8.662500
-6.387500 -1.487500 6.055000
-4.917500 1.522500 4.340000
-4.042500 2.870000 2.677500
-3.692500 3.937500 0.735000
-4.077500 2.310000 0.455000
-4.130000 0.840000 0.315000
-4.690000 0.525000 0.962500
-4.795000 0.752500 1.820000
-4.812500 2.012500 1.487500
-4.532500 3.885000 1.732500
-5.495000 4.042500 0.997500
-6.457500 2.817500 1.120000
-7.490000 2.345000 1.050000
-8.557500 2.992500 1.540000
-9.677500 4.480000 3.570000
-10.692500 4.357500 4.742500
-11.655000 3.972500 3.500000
-10.797500 4.357500 1.995000
-8.785000 3.867500 2.397500
-7.000000 2.292500 2.590000
-5.687500 -0.192500 2.555000
-6.247500 -1.487500 4.095000
-8.050000 -0.297500 4.567500
-9.030000 1.260000 3.920000
-9.275000 2.257500 3.552500
-7.595000 1.540000 3.745000
-5.880000 1.435000 4.725000
-5.197500 1.347500 6.160000
-6.072500 1.295000 7.665000
-6.125000 1.050000 9.695000
-5.897500 0.157500 10.202500
-6.002500 0.087500 10.902500
-6.317500 2.695000 11.147500
-5.582500 3.972500 11.287500
-4.392500 1.785000 10.115000
-2.572500 0.385000 7.612500
-2.695000 0.017500 5.372500
-3.885000 0.560000 5.215000
-5.442500 0.717500 5.250000
-6.545000 1.067500 5.722500
-7.647500 1.995000 5.460000
-8.505000 2.432500 4.620000
-8.785000 1.102500 2.397500
-8.032500 -1.085000 0.560000
-7.822500 -1.610000 0.105000
-7.122500 -1.750000 0.630000
-6.930000 -2.397500 2.327500
-6.405000 -3.115000 4.445000
-5.547500 -5.057500 6.457500
-5.880000 -5.740000 7.945000
-6.877500 -5.285000 9.257500
-8.347500 -3.535000 8.330000
-9.082500 -1.820000 5.355000
-8.767500 -1.067500 4.410000
-8.505000 -1.785000 4.830000
-8.155000 -2.887500 5.880000
-9.362500 -3.185000 6.195000
-9.572500 -3.185000 7.332500
-10.062500 -3.027500 7.752500
-9.817500 -2.397500 7.542500
-8.487500 -2.450000 7.420000
-6.457500 -2.782500 7.315000
-4.515000 -3.570000 6.650000
-3.272500 -4.725000 6.685000
-3.640000 -4.760000 7.052500
-4.480000 -3.972500 8.067500
-4.567500 -3.132500 8.505000
-4.637500 -3.132500 8.907500
-4.707500 -5.022500 9.275000
-5.127500 -7.122500 7.647500
-6.580000 -6.965000 5.985000
-7.297500 -4.707500 4.795000
-7.455000 -3.255000 5.057500
-7.350000 -3.745000 6.702500
-7.227500 -3.675000 7.420000
-6.702500 -2.152500 7.210000
-6.650000 -1.977500 6.387500
-5.775000 -4.935000 7.350000
-5.617500 -6.755000 6.895000
-5.792500 -5.355000 6.370000
-6.510000 -1.750000 3.657500
-6.597500 1.032500 1.680000
-5.915000 0.927500 1.225000
-5.180000 -2.485000 1.872500
-5.005000 -5.302500 3.885000
-5.547500 -5.880000 4.970000
-4.760000 -5.320000 6.615000
-4.427500 -3.832500 7.035000
-3.255000 -2.957500 6.475000
-2.047500 -4.707500 7.052500
-0.717500 -6.072500 7.612500
-0.157500 -4.935000 9.310000
-0.752500 -3.290000 10.097500
-0.927500 -2.240000 8.732500
-1.067500 -2.590000 7.490000
-2.310000 -2.730000 5.250000
-3.150000 -2.957500 4.795000
-2.415000 -3.745000 6.247500
-1.330000 -4.042500 8.085000
-0.577500 -3.972500 8.540000
-0.612500 -4.585000 8.400000
-1.732500 -5.162500 8.382500
-4.007500 -4.165000 7.367500
-5.197500 -2.975000 5.390000
-4.427500 -1.610000 4.200000
-3.797500 -2.730000 4.952500
-2.187500 -5.337500 7.560000
-2.065000 -7.035000 9.170000
-2.765000 -6.545000 9.765000
-4.200000 -5.197500 8.750000
-6.230000 -3.587500 7.000000
-7.595000 -1.662500 2.730000
-6.475000 -0.297500 0.542500
-4.637500 -0.927500 1.207500
-2.152500 -2.660000 3.902500
-0.962500 -3.412500 6.422500
-0.945000 -4.095000 7.980000
-2.817500 -4.760000 8.260000
-4.497500 -4.480000 8.855000
-5.355000 -3.097500 8.487500
-4.760000 -3.237500 9.222500
-3.815000 -4.602500 9.887500
-3.097500 -5.145000 9.677500
-2.450000 -2.887500 7.892500
-2.187500 -1.102500 5.687500
-2.135000 -1.767500 3.657500
-1.925000 -4.130000 3.762500
-2.870000 -7.262500 6.545000
-5.092500 -11.882500 10.010000
-6.510000 -11.077500 12.040000
-6.877500 -9.765000 12.302500
-5.705000 -9.520000 10.850000
-4.287500 -7.192500 7.927500
-4.112500 -4.182500 4.270000
-4.445000 -3.657500 2.817500
-4.725000 -4.987500 4.270000
-3.570000 -7.000000 6.720000
-2.590000 -8.680000 8.872500
-2.257500 -8.942500 10.937500
-2.572500 -5.582500 11.025000
-2.957500 -0.962500 8.592500
-3.762500 0.630000 6.212500
-6.212500 0.367500 3.727500
-8.715000 -1.347500 1.750000
-10.430000 -1.802500 1.242500
-10.325000 0.017500 1.277500
-9.380000 2.292500 1.592500
-8.400000 2.327500 1.907500
-7.980000 1.452500 1.767500
-7.210000 0.140000 0.997500
-6.457500 -1.190000 1.662500
-5.390000 -2.905000 4.007500
-5.617500 -3.605000 6.562500
-6.037500 -3.430000 8.277500
-5.547500 -1.750000 7.525000
-4.287500 -1.382500 6.335000
-2.607500 -2.432500 6.492500
-2.590000 -2.572500 6.440000
-2.625000 -1.767500 6.002500
-2.327500 -0.945000 5.670000
-1.855000 -1.190000 6.405000
-1.645000 -2.800000 7.647500
-1.417500 -4.112500 9.642500
-2.432500 -3.902500 8.890000
-2.957500 -4.130000 8.312500
-4.217500 -6.492500 9.642500
-5.600000 -8.347500 10.885000
-7.350000 -7.997500 11.130000
-8.697500 -6.807500 11.375000
-9.502500 -6.930000 11.672500
-9.257500 -7.175000 12.267500
-9.957500 -8.067500 12.337500
-11.427500 -9.257500 11.725000
-12.600000 -9.205000 11.235000
-13.370000 -8.050000 11.515000
-12.320000 -8.190000 11.182500
-11.025000 -8.750000 11.025000
-9.607500 -7.507500 11.462500
-9.415000 -5.722500 11.112500
-9.642500 -6.685000 9.362500
-8.015000 -9.817500 8.557500
-7.035000 -11.515000 8.942500
-6.877500 -9.292500 9.607500
-7.805000 -7.262500 10.097500
-9.135000 -5.862500 9.730000
-9.607500 -5.075000 9.782500
-9.817500 -5.075000 10.167500
-9.415000 -4.637500 9.275000
-8.662500 -6.370000 8.767500
-7.315000 -8.050000 10.202500
-4.182500 -8.592500 12.302500
-1.382500 -9.817500 14.367500
-0.087500 -12.460000 15.365000
-0.490000 -10.902500 14.017500
-0.962500 -7.525000 13.177500
-1.942500 -5.792500 11.970000
-1.767500 -7.175000 12.687500
-2.765000 -11.112500 14.402500
-2.555000 -14.647500 16.502500
-2.677500 -16.415000 17.587500
-2.730000 -14.910000 15.662500
-2.870000 -11.217500 11.357500
-3.552500 -4.550000 6.317500
-5.617500 -1.872500 3.622500
-6.702500 -3.552500 5.705000
-6.597500 -8.767500 8.207500
-5.845000 -13.632500 9.712500
-5.215000 -14.892500 9.240000
-4.882500 -11.025000 7.192500
-5.530000 -6.860000 4.935000
-5.565000 -5.180000 4.532500
-5.005000 -4.830000 4.147500
-3.780000 -4.952500 4.690000
-2.660000 -5.477500 4.550000
-1.802500 -7.945000 4.480000
-1.260000 -10.535000 4.812500
-2.152500 -9.835000 5.197500
-2.572500 -6.247500 5.302500
-2.800000 -2.082500 3.815000
-2.222500 -0.875000 1.960000
-2.187500 -2.852500 2.415000
-2.782500 -6.475000 3.920000
-2.415000 -9.887500 4.690000
-3.150000 -10.902500 5.267500
-3.815000 -9.292500 4.252500
-4.182500 -6.387500 3.307500
-4.550000 -5.302500 2.625000
-5.232500 -6.860000 2.887500
-5.110000 -8.522500 3.097500
-5.285000 -11.287500 3.150000
-5.775000 -13.230000 2.450000
-6.650000 -13.755000 1.207500
-7.840000 -12.162500 0.280000
-8.032500 -10.342500 0.210000
-7.945000 -10.045000 1.050000
-7.612500 -11.567500 1.960000
-7.280000 -13.755000 4.147500
-6.790000 -15.540000 4.375000
-6.160000 -15.575000 3.797500
-6.720000 -15.260000 2.590000
-7.735000 -13.685000 1.872500
-9.047500 -11.812500 1.785000
-9.677500 -10.360000 2.677500
-10.535000 -10.027500 3.115000
-9.695000 -11.252500 3.377500
-8.785000 -11.322500 3.780000
-8.785000 -10.412500 4.252500
-8.627500 -8.977500 4.375000
-8.277500 -7.840000 4.095000
-7.787500 -9.415000 3.850000
-7.385000 -10.850000 3.360000
-7.840000 -11.287500 2.187500
-8.295000 -11.375000 1.785000
-8.505000 -7.647500 1.592500
-8.155000 -4.865000 1.662500
-8.207500 -5.547500 2.222500
-6.895000 -6.247500 1.242500
-5.530000 -4.445000 0.595000
-2.940000 -6.405000 1.557500
-0.980000 -14.560000 2.852500
-1.050000 -18.112500 4.497500
-0.752500 -15.085000 5.810000
-0.647500 -11.200000 6.982500
-0.665000 -7.385000 7.892500
0.035000 -2.310000 6.230000
1.242500 -3.255000 6.002500
2.187500 -9.100000 6.195000
1.662500 -11.567500 5.582500
1.120000 -9.905000 5.005000
0.140000 -7.490000 5.022500
-0.140000 -5.460000 5.127500
0.035000 -4.725000 5.687500
0.332500 -3.920000 5.180000
0.367500 -4.427500 3.570000
0.175000 -7.455000 1.715000
-1.242500 -8.855000 1.032500
-2.310000 -6.877500 1.417500
-3.115000 -3.465000 2.380000
-2.520000 -0.420000 2.590000
-2.415000 0.822500 3.675000
-3.115000 -1.295000 3.062500
-3.517500 -3.815000 2.695000
-3.430000 -3.115000 1.207500
-3.815000 -1.015000 -0.262500
-4.480000 0.822500 -0.227500
-4.410000 -0.140000 1.855000
-3.342500 -1.260000 3.167500
-1.785000 -2.047500 3.185000
-1.155000 -2.345000 2.292500
-0.647500 -2.345000 0.315000
-0.805000 -2.135000 -1.242500
-1.312500 -1.277500 -1.592500
-2.100000 -1.085000 -1.137500
-2.047500 -0.175000 0.665000
-2.117500 0.612500 3.325000
-1.120000 0.892500 4.777500
0.542500 -1.102500 3.937500
2.432500 -2.887500 2.572500
3.482500 -2.082500 0.017500
2.922500 -0.857500 0.227500
2.607500 -0.437500 1.050000
1.557500 -0.630000 3.185000
1.190000 -0.385000 4.025000
1.820000 -0.437500 4.077500
2.012500 -3.325000 2.642500
1.977500 -4.480000 1.330000
1.085000 -2.117500 -0.962500
-0.210000 -1.802500 -0.997500
-0.665000 -1.470000 -0.140000
-0.402500 -0.892500 1.347500
0.350000 -0.630000 1.802500
1.172500 -1.277500 2.397500
1.522500 -2.327500 2.642500
1.540000 -1.820000 1.627500
0.997500 -0.245000 0.770000
1.260000 0.402500 0.595000
2.432500 -1.032500 1.522500
3.762500 -1.942500 2.380000
5.057500 -0.525000 3.150000
4.392500 -0.367500 4.112500
3.307500 -0.542500 4.970000
2.240000 -0.945000 4.322500
1.312500 -0.665000 2.992500
1.662500 0.367500 0.507500
1.942500 0.840000 -0.052500
2.607500 0.682500 -0.385000
3.167500 -0.140000 0.945000
3.325000 -1.575000 3.150000
3.815000 -1.645000 3.797500
3.535000 -1.435000 2.642500
3.955000 -1.050000 0.665000
3.780000 -0.420000 -0.035000
3.115000 0.490000 0.000000
2.852500 1.067500 -0.140000
4.165000 0.875000 -0.717500
4.917500 -0.157500 -1.050000
5.285000 0.227500 -0.122500
5.425000 1.085000 1.767500
5.652500 0.822500 1.977500
6.125000 0.927500 2.030000
7.157500 0.997500 1.330000
7.892500 0.787500 0.787500
7.700000 1.172500 0.560000
7.402500 0.787500 0.735000
6.317500 0.087500 1.190000
5.425000 0.000000 2.135000
4.620000 0.280000 1.540000
4.252500 0.857500 2.135000
3.955000 2.327500 2.712500
3.710000 5.215000 2.415000
4.252500 5.390000 2.205000
4.112500 3.132500 2.292500
4.812500 1.592500 1.662500
4.917500 0.490000 0.700000
5.320000 0.525000 -0.105000
5.705000 1.277500 0.262500
6.405000 2.275000 1.050000
7.875000 2.625000 1.417500
7.490000 1.732500 1.470000
7.997500 -0.367500 0.577500
7.945000 -2.117500 0.752500
8.435000 -2.205000 0.647500
7.665000 -0.980000 -0.280000
6.597500 0.700000 -0.402500
5.547500 1.925000 0.770000
5.477500 1.732500 2.100000
6.422500 0.717500 1.277500
6.825000 -1.347500 1.960000
7.122500 0.700000 2.030000
6.125000 4.095000 2.695000
4.952500 4.935000 2.537500
3.325000 2.765000 1.557500
2.887500 1.260000 0.805000
3.605000 0.175000 0.455000
3.850000 -0.437500 1.400000
4.200000 -1.715000 1.575000
4.935000 -2.800000 2.677500
5.180000 -1.382500 2.257500
5.932500 0.525000 1.400000
5.600000 1.365000 1.417500
4.672500 1.190000 0.822500
3.850000 -1.400000 1.102500
3.465000 -1.995000 1.417500
3.587500 -1.050000 1.907500
4.602500 -0.367500 1.575000
5.022500 -0.822500 1.417500
5.215000 -0.210000 1.435000
5.040000 0.875000 1.575000
5.162500 0.665000 1.732500
5.232500 -0.927500 1.662500
5.092500 -1.540000 1.575000
5.180000 -0.717500 1.522500
5.092500 -0.070000 1.382500
4.672500 -0.175000 1.802500
5.022500 0.437500 1.470000
5.180000 0.420000 1.382500
5.232500 0.017500 1.400000
5.040000 -0.700000 1.592500
5.127500 -0.087500 0.770000
4.550000 0.455000 0.420000
4.410000 0.525000 1.137500
5.302500 0.000000 1.802500
6.002500 0.752500 2.712500
6.405000 1.435000 1.592500
6.265000 0.735000 -0.542500
5.390000 1.802500 0.087500
5.425000 2.572500 0.980000
6.527500 1.032500 1.085000
6.457500 -0.052500 0.927500
6.562500 0.682500 0.385000
6.877500 1.295000 0.595000
7.962500 2.432500 1.242500
8.680000 2.275000 1.697500
9.222500 0.367500 0.962500
10.080000 -1.400000 0.962500
10.535000 -1.802500 1.697500
10.832500 -1.365000 2.187500
10.762500 -0.315000 2.870000
9.817500 0.560000 3.780000
9.537500 1.452500 3.815000
8.907500 1.452500 1.872500
9.170000 -0.052500 -0.402500
9.187500 -0.717500 -1.837500
9.170000 -1.067500 -2.205000
9.100000 0.157500 -0.665000
9.397500 0.262500 0.017500
8.837500 -0.420000 1.557500
7.840000 0.087500 2.397500
7.175000 0.612500 2.467500
6.685000 0.192500 1.627500
7.035000 -0.245000 1.400000
6.947500 0.385000 0.507500
7.647500 1.435000 0.647500
7.962500 0.962500 0.052500
7.560000 0.087500 0.385000
6.580000 1.085000 1.032500
5.652500 1.662500 2.922500
4.462500 0.455000 1.610000
4.147500 0.070000 0.280000
3.937500 0.857500 -0.385000
4.515000 1.785000 0.122500
5.705000 1.627500 0.070000
5.740000 1.680000 0.157500
5.862500 1.837500 0.262500
5.215000 1.365000 0.980000
4.742500 0.595000 0.402500
4.322500 0.682500 -0.665000
3.990000 1.645000 -0.262500
4.007500 1.365000 0.455000
4.655000 1.120000 1.067500
5.687500 0.910000 1.120000
7.157500 -0.210000 0.630000
8.365000 -0.262500 0.245000
8.697500 0.490000 0.472500
8.505000 -0.752500 -0.192500
7.157500 -2.695000 0.892500
6.615000 -0.770000 0.595000
6.982500 -0.192500 0.245000
6.912500 -0.122500 -0.227500
8.417500 0.210000 -0.507500
10.027500 0.402500 -1.190000
11.270000 0.210000 -1.400000
11.410000 0.175000 -1.942500
11.497500 -1.032500 -1.207500
11.165000 -1.715000 -0.927500
11.357500 -1.347500 -1.085000
10.902500 -1.295000 -0.892500
10.710000 -0.892500 -0.892500
10.150000 -0.332500 0.612500
9.765000 -0.052500 0.927500
9.257500 -0.052500 0.892500
8.522500 0.070000 0.052500
7.350000 -0.332500 -1.277500
5.635000 0.000000 -2.677500
4.672500 0.595000 -3.692500
3.220000 1.435000 -2.397500
2.712500 2.660000 -1.015000
3.062500 1.942500 -0.297500
4.217500 1.260000 -0.245000
5.180000 0.490000 -1.155000
5.145000 -0.980000 -1.732500
4.480000 -0.770000 -2.940000
3.885000 -1.067500 -2.817500
2.975000 -1.452500 -2.030000
3.535000 -0.455000 -1.347500
3.692500 0.245000 -1.120000
4.410000 1.522500 0.105000
5.022500 1.067500 0.402500
5.460000 0.087500 0.052500
5.320000 -0.122500 -0.175000
4.445000 -0.087500 -0.490000
3.657500 0.630000 0.140000
3.132500 0.752500 0.437500
3.097500 1.505000 0.752500
3.955000 0.980000 0.000000
4.585000 0.175000 -1.382500
4.305000 0.262500 -1.400000
3.342500 -0.262500 -1.627500
2.520000 -0.822500 -0.087500
2.135000 -0.910000 -0.052500
1.872500 -0.945000 1.050000
2.362500 -0.997500 1.015000
2.555000 -0.157500 0.385000
2.765000 0.577500 -0.192500
3.027500 -0.140000 -0.735000
3.780000 -0.157500 -2.082500
4.112500 -0.577500 -2.135000
4.690000 -0.332500 -1.732500
4.655000 -0.122500 -0.577500
4.655000 -0.122500 -0.105000
5.722500 0.070000 0.910000
5.985000 0.560000 0.595000
6.212500 0.560000 0.210000
6.160000 0.455000 0.385000
6.475000 0.420000 0.367500
6.387500 -0.297500 0.140000
5.985000 -0.087500 0.140000
6.230000 -0.332500 0.420000
6.930000 -0.332500 0.105000
6.912500 -0.105000 -1.172500
7.332500 0.227500 -1.067500
6.982500 0.332500 -1.750000
6.615000 0.770000 -1.155000
6.090000 1.680000 -0.665000
6.107500 0.542500 -2.625000
5.582500 0.682500 -2.835000
4.480000 1.610000 -2.345000
2.695000 2.712500 -1.522500
2.240000 2.905000 -0.997500
2.380000 3.447500 -0.682500
3.797500 4.550000 -0.245000
5.705000 5.547500 -1.995000
6.422500 4.130000 -4.410000
6.335000 2.695000 -6.842500
5.337500 2.205000 -6.597500
3.780000 2.065000 -4.847500
3.885000 1.417500 -2.817500
5.022500 1.435000 -2.380000
5.635000 2.135000 -1.505000
7.035000 1.540000 -2.537500
7.630000 2.152500 -4.130000
6.947500 3.395000 -4.375000
6.300000 3.727500 -4.357500
6.055000 3.045000 -3.937500
5.547500 3.535000 -3.167500
6.020000 3.675000 -3.640000
6.405000 2.502500 -3.430000
7.017500 3.325000 -2.905000
7.437500 5.425000 -2.870000
6.685000 5.005000 -2.852500
5.582500 2.922500 -2.940000
4.182500 1.802500 -2.730000
2.817500 1.872500 -3.675000
2.537500 2.222500 -4.620000
2.292500 0.980000 -6.125000
2.432500 0.927500 -6.475000
1.942500 1.645000 -6.877500
1.522500 2.135000 -5.932500
2.327500 1.802500 -4.935000
3.325000 1.942500 -3.727500
3.832500 0.857500 -5.600000
3.692500 0.770000 -6.492500
3.342500 0.472500 -6.142500
2.712500 0.087500 -5.145000
1.522500 -0.665000 -4.060000
1.137500 1.032500 -3.307500
1.225000 1.732500 -3.762500
1.557500 1.872500 -4.480000
2.467500 2.380000 -4.252500
2.940000 3.587500 -3.342500
2.957500 3.517500 -3.202500
3.062500 3.867500 -3.395000
3.815000 3.850000 -3.955000
4.375000 3.745000 -4.725000
4.742500 4.497500 -5.687500
4.917500 5.862500 -6.457500
4.865000 6.055000 -5.775000
4.252500 4.830000 -4.550000
3.692500 2.082500 -3.115000
4.217500 0.192500 -2.397500
5.302500 -1.102500 -1.067500
5.897500 -0.927500 -1.120000
5.670000 -0.017500 -2.887500
4.760000 2.222500 -4.287500
3.570000 4.392500 -6.055000
3.045000 3.902500 -8.015000
2.870000 3.010000 -9.537500
2.817500 1.960000 -10.080000
3.307500 4.357500 -10.185000
4.165000 7.525000 -10.885000
5.355000 7.367500 -11.112500
6.422500 6.055000 -10.990000
6.650000 4.812500 -9.817500
6.825000 4.672500 -9.362500
6.125000 4.882500 -7.875000
5.845000 5.932500 -6.702500
5.390000 4.970000 -5.652500
6.247500 5.075000 -6.125000
6.107500 5.810000 -6.860000
6.492500 5.670000 -7.822500
6.650000 6.562500 -8.995000
6.440000 6.947500 -9.520000
5.862500 5.827500 -10.167500
5.530000 5.372500 -9.677500
3.955000 4.707500 -8.645000
3.815000 4.217500 -6.947500
3.622500 3.675000 -5.477500
4.602500 3.272500 -5.180000
5.425000 3.745000 -5.950000
5.897500 4.165000 -6.947500
6.212500 2.082500 -7.332500
5.285000 1.400000 -7.105000
4.987500 1.855000 -4.970000
4.252500 0.700000 -4.620000
4.322500 -0.315000 -3.587500
4.865000 1.522500 -3.640000
6.457500 3.832500 -5.057500
7.857500 4.427500 -6.492500
8.225000 3.587500 -7.367500
7.787500 1.400000 -8.557500
6.527500 0.717500 -7.997500
5.425000 2.327500 -5.215000
6.020000 2.730000 -4.060000
6.755000 2.485000 -4.165000
9.222500 1.277500 -4.252500
10.500000 3.132500 -4.025000
11.742500 4.760000 -5.407500
11.252500 5.145000 -6.387500
10.535000 3.902500 -6.527500
9.047500 3.657500 -5.390000
7.350000 3.360000 -3.850000
6.790000 3.290000 -3.552500
6.877500 2.677500 -3.395000
7.245000 1.750000 -3.517500
6.912500 1.505000 -3.517500
6.230000 1.942500 -3.482500
5.530000 1.505000 -4.200000
5.057500 0.980000 -4.375000
4.900000 0.892500 -5.512500
4.987500 1.260000 -4.795000
4.830000 2.030000 -3.430000
4.865000 3.675000 -2.467500
4.515000 4.620000 -2.607500
4.742500 3.850000 -2.870000
5.110000 1.942500 -2.852500
6.072500 0.507500 -3.780000
6.457500 -0.402500 -3.220000
6.300000 -0.350000 -1.767500
6.247500 0.437500 -2.170000
6.125000 0.630000 -1.925000
5.792500 0.192500 -3.167500
6.527500 -1.102500 -3.640000
6.562500 -1.575000 -4.725000
6.580000 -0.507500 -4.987500
6.037500 0.560000 -4.287500
5.915000 1.277500 -3.482500
5.897500 0.490000 -3.657500
6.632500 -0.700000 -3.727500
5.845000 1.067500 -3.657500
5.215000 3.657500 -3.167500
4.830000 3.605000 -2.415000
4.287500 2.257500 -2.117500
4.200000 1.680000 -2.135000
5.127500 1.120000 -2.625000
5.635000 0.805000 -3.395000
5.337500 0.980000 -3.622500
5.127500 3.062500 -3.535000
4.725000 3.482500 -4.480000
5.145000 3.167500 -5.197500
6.335000 3.237500 -6.562500
7.315000 4.602500 -7.542500
8.015000 6.072500 -7.525000
8.575000 6.650000 -7.105000
8.645000 5.565000 -6.282500
8.435000 2.450000 -4.375000
7.980000 0.262500 -4.480000
6.352500 -0.822500 -4.550000
5.512500 -0.070000 -4.585000
5.442500 0.262500 -4.427500
6.282500 0.805000 -4.200000
6.982500 -1.015000 -3.937500
7.717500 -1.592500 -3.710000
8.435000 -1.750000 -4.077500
8.662500 -0.910000 -5.180000
9.572500 0.455000 -5.862500
9.975000 0.542500 -5.337500
10.010000 0.472500 -4.357500
11.287500 0.962500 -4.200000
12.792500 1.715000 -4.112500
15.137500 1.120000 -5.740000
15.785000 2.922500 -6.562500
14.542500 6.422500 -7.840000
12.162500 7.297500 -7.962500
10.027500 4.935000 -7.595000
8.207500 1.995000 -8.085000
7.332500 0.682500 -8.837500
6.527500 -0.490000 -8.855000
6.475000 -1.452500 -7.017500
6.877500 -0.385000 -7.612500
7.525000 0.630000 -8.050000
7.140000 0.297500 -6.877500
6.877500 -0.875000 -6.317500
6.212500 -1.505000 -5.267500
6.265000 0.140000 -3.587500
6.265000 2.800000 -2.012500
7.122500 2.695000 -2.327500
8.417500 3.447500 -3.430000
8.925000 3.797500 -4.480000
8.470000 3.062500 -4.217500
8.960000 2.765000 -2.082500
10.605000 4.795000 -0.612500
11.340000 7.017500 0.087500
12.162500 8.155000 -1.277500
12.442500 7.280000 -3.097500
11.270000 6.072500 -5.057500
8.907500 5.565000 -4.777500
6.247500 6.475000 -2.940000
4.672500 7.490000 -0.682500
4.445000 6.107500 0.000000
5.547500 2.432500 -2.187500
6.440000 -1.347500 -5.040000
5.582500 -1.295000 -6.247500
4.077500 0.525000 -7.455000
2.520000 -0.945000 -4.830000
2.730000 -2.782500 -2.520000
2.660000 -1.400000 -1.085000
3.360000 1.960000 -1.505000
5.127500 4.567500 -3.587500
7.332500 2.415000 -5.600000
9.012500 0.367500 -6.282500
8.627500 -1.137500 -3.587500
7.175000 -1.750000 0.437500
5.530000 0.035000 2.012500
4.812500 2.065000 1.767500
5.390000 5.460000 0.507500
8.732500 6.107500 -1.295000
12.582500 5.075000 -2.485000
14.385000 3.517500 -3.710000
14.052500 3.710000 -3.762500
13.457500 6.002500 -3.045000
11.987500 7.805000 -1.995000
9.275000 9.397500 -0.892500
6.947500 10.395000 -1.295000
5.372500 10.377500 -3.920000
5.775000 6.055000 -5.722500
7.157500 -0.087500 -6.177500
8.820000 -2.170000 -4.707500
8.417500 -1.295000 -3.097500
7.262500 1.330000 -2.555000
5.127500 4.130000 -1.522500
5.320000 6.107500 -2.100000
6.002500 7.227500 -2.660000
8.557500 6.335000 -3.640000
10.342500 6.265000 -2.520000
11.200000 5.932500 -1.557500
9.887500 4.252500 -0.350000
8.627500 3.972500 -0.070000
7.735000 4.620000 -1.312500
6.825000 5.197500 -1.452500
5.355000 4.830000 -0.752500
5.722500 6.265000 -0.770000
6.895000 6.370000 -0.630000
8.347500 3.150000 1.575000
8.260000 -0.350000 2.415000
8.750000 -2.100000 1.347500
9.625000 -0.770000 -4.445000
8.942500 0.700000 -7.612500
8.487500 3.780000 -8.330000
9.030000 4.847500 -8.190000
10.990000 6.580000 -8.102500
12.967500 11.077500 -8.785000
13.667500 16.660000 -9.170000
13.142500 20.702500 -8.032500
11.742500 20.002500 -6.842500
9.380000 15.925000 -7.402500
8.645000 10.115000 -8.592500
8.435000 5.460000 -10.657500
9.222500 3.430000 -11.830000
9.135000 5.827500 -11.935000
9.012500 10.377500 -10.692500
8.855000 12.057500 -8.855000
9.642500 8.715000 -8.137500
10.657500 1.190000 -8.347500
11.392500 -1.890000 -8.277500
11.357500 -1.085000 -7.682500
11.287500 0.892500 -5.705000
10.762500 3.675000 -1.872500
11.007500 5.967500 0.700000
10.115000 7.052500 1.872500
9.222500 8.260000 0.332500
9.870000 8.855000 -1.575000
9.100000 5.915000 -2.362500
8.505000 4.077500 -3.535000
7.840000 4.567500 -3.675000
7.525000 7.385000 -4.200000
7.385000 8.645000 -4.060000
6.352500 7.665000 -3.920000
5.722500 5.460000 -3.780000
5.005000 4.725000 -5.565000
3.937500 5.635000 -7.070000
4.235000 7.227500 -8.260000
5.040000 6.737500 -9.345000
6.562500 2.450000 -11.882500
6.580000 -2.747500 -12.880000
4.830000 -2.642500 -13.055000
3.412500 0.297500 -13.947500
3.167500 4.725000 -13.282500
4.620000 7.052500 -12.267500
6.615000 4.392500 -9.450000
9.030000 1.732500 -7.000000
10.710000 0.472500 -6.090000
11.200000 1.715000 -4.392500
10.815000 3.990000 -2.607500
9.712500 4.427500 -0.507500
10.045000 2.940000 -1.015000
10.955000 3.675000 -3.027500
11.795000 5.950000 -3.797500
11.725000 5.477500 -1.732500
11.900000 5.110000 0.682500
10.220000 8.925000 -0.192500
8.767500 12.127500 -3.010000
8.487500 8.505000 -4.042500
8.820000 6.055000 -4.217500
9.432500 4.445000 -4.637500
9.712500 5.320000 -4.970000
9.642500 10.850000 -6.965000
9.555000 16.975000 -9.170000
9.152500 18.532500 -9.975000
8.242500 15.400000 -8.190000
6.422500 7.682500 -5.005000
5.407500 0.577500 -2.625000
5.355000 0.980000 -1.855000
5.985000 6.387500 -2.555000
6.597500 12.530000 -4.882500
7.770000 14.227500 -4.515000
9.782500 10.902500 -2.782500
11.322500 6.265000 -0.630000
12.792500 3.325000 1.347500
12.827500 3.220000 1.330000
11.620000 6.212500 0.525000
9.887500 9.292500 -0.315000
10.045000 10.587500 0.280000
9.940000 10.202500 -0.035000
11.217500 7.840000 0.542500
11.602500 7.000000 0.630000
11.392500 10.115000 -1.540000
10.342500 14.227500 -4.147500
10.027500 18.060000 -4.707500
9.450000 16.240000 -3.220000
9.240000 10.447500 -1.435000
8.540000 5.162500 -0.315000
8.190000 3.517500 0.735000
7.175000 3.850000 0.402500
5.792500 7.105000 -1.417500
2.852500 8.977500 -3.150000
0.892500 7.455000 -2.187500
0.122500 6.317500 -1.172500
0.122500 4.200000 0.612500
0.752500 1.452500 0.525000
0.770000 2.817500 -0.245000
0.542500 9.415000 -3.745000
0.735000 13.685000 -5.617500
1.575000 15.645000 -5.915000
2.782500 16.852500 -6.510000
4.480000 15.750000 -5.372500
5.600000 12.372500 -4.427500
6.545000 9.450000 -5.582500
6.895000 6.405000 -6.615000
5.302500 4.077500 -5.600000
3.220000 4.305000 -4.532500
2.380000 4.865000 -3.535000
1.855000 3.692500 -2.782500
2.817500 0.595000 -2.940000
4.970000 -0.455000 -2.625000
6.510000 -0.525000 -3.062500
7.385000 0.035000 -3.850000
5.827500 1.575000 -2.922500
4.112500 0.892500 -2.170000
2.747500 -2.275000 -1.330000
3.255000 -3.570000 0.595000
5.092500 -0.752500 0.595000
5.775000 5.092500 0.595000
4.357500 6.212500 -0.332500
2.310000 2.712500 -2.222500
0.315000 0.560000 -4.602500
-0.682500 -0.175000 -5.985000
-1.015000 -0.577500 -5.880000
-0.297500 -1.207500 -3.815000
-0.962500 1.137500 -2.957500
-2.327500 4.112500 -3.570000
-3.727500 6.055000 -5.145000
-4.025000 5.512500 -4.427500
-2.030000 1.855000 -2.047500
-0.297500 -2.467500 0.280000
0.612500 -3.727500 3.447500
-0.350000 -2.782500 5.337500
-0.490000 -1.225000 5.547500
0.315000 -0.577500 5.687500
2.152500 0.665000 6.755000
2.327500 3.885000 6.667500
0.945000 3.605000 6.492500
0.157500 1.295000 7.927500
-0.910000 0.490000 8.627500
-0.875000 1.295000 8.225000
-0.647500 1.890000 8.015000
-0.315000 1.347500 7.350000
-0.122500 -1.067500 6.475000
0.507500 -1.977500 6.772500
0.350000 -1.575000 7.805000
-0.087500 -0.297500 7.945000
-0.210000 -0.490000 9.030000
-0.927500 -4.025000 11.462500
-0.245000 -5.005000 11.830000
-0.315000 -2.660000 8.820000
-2.030000 0.682500 4.077500
-3.097500 0.350000 1.067500
-5.530000 -1.277500 -0.402500
-6.107500 -0.962500 -0.840000
-6.440000 -0.087500 0.770000
-6.475000 0.350000 2.450000
-5.915000 -0.455000 3.080000
-3.762500 0.192500 3.115000
-1.942500 0.507500 3.272500
-0.315000 -0.367500 2.887500
-0.980000 1.155000 3.062500
-1.050000 5.687500 3.657500
-0.647500 7.280000 4.147500
0.455000 4.410000 5.005000
0.787500 2.135000 5.600000
0.402500 1.452500 4.462500
-0.087500 2.572500 4.742500
-1.365000 4.917500 3.867500
-1.995000 7.787500 2.677500
-1.715000 9.065000 2.117500
-1.400000 6.247500 2.170000
-0.910000 3.465000 1.610000
-0.682500 3.850000 1.260000
0.122500 3.535000 1.820000
0.787500 2.835000 2.817500
0.787500 4.042500 3.640000
0.245000 5.232500 4.760000
-0.262500 6.002500 4.567500
-1.015000 5.950000 3.552500
-1.855000 7.997500 1.610000
-1.802500 11.060000 -0.437500
-1.662500 12.127500 -2.607500
-1.855000 10.307500 -3.605000
-1.662500 6.492500 -1.995000
-1.522500 3.097500 0.157500
-1.732500 3.675000 1.347500
-1.890000 6.317500 0.945000
-1.557500 8.050000 -0.105000
-1.575000 10.447500 -1.907500
-2.117500 12.355000 -4.690000
-2.345000 11.567500 -5.652500
-2.712500 9.065000 -4.217500
-2.660000 8.067500 -1.995000
-1.785000 8.015000 0.630000
-1.260000 7.350000 2.467500
-0.805000 8.347500 2.642500
-1.242500 9.187500 0.770000
-1.680000 7.980000 -0.140000
-2.100000 4.655000 -0.297500
-2.432500 1.557500 0.752500
-3.307500 1.277500 2.415000
-3.622500 1.942500 3.937500
-3.185000 1.260000 4.042500
-2.747500 -1.382500 4.322500
-2.660000 -3.290000 4.672500
-1.820000 -3.885000 4.585000
-0.752500 -3.552500 5.477500
1.155000 -5.075000 8.295000
1.802500 -6.650000 9.170000
2.240000 -3.062500 7.525000
1.995000 0.595000 4.375000
2.520000 1.750000 1.260000
2.905000 0.700000 -3.815000
3.692500 -0.175000 -6.702500
3.605000 0.332500 -8.330000
2.695000 -0.227500 -7.717500
2.380000 -1.347500 -6.352500
2.362500 -5.827500 -3.150000
2.537500 -10.657500 0.490000
2.187500 -12.740000 3.535000
0.910000 -12.740000 4.900000
-0.472500 -13.352500 4.340000
-3.762500 -13.125000 1.680000
-6.562500 -11.970000 -2.100000
-8.137500 -13.737500 -4.200000
-8.785000 -19.810000 -2.467500
-10.500000 -26.442500 0.070000
-11.410000 -29.260000 1.715000
-11.042500 -30.642500 3.535000
-8.697500 -29.610000 4.742500
-4.620000 -29.330000 6.282500
-0.035000 -32.287500 10.097500
2.940000 -33.897500 13.562500
4.777500 -30.765000 14.332500
3.255000 -25.515000 14.210000
1.190000 -23.922500 14.507500
-0.595000 -27.107500 14.332500
-1.312500 -31.867500 13.300000
-1.225000 -32.690000 11.620000
-1.540000 -28.490000 10.815000
-2.607500 -22.697500 9.152500
-3.237500 -18.812500 6.142500
-3.692500 -15.890000 3.692500
-3.570000 -14.612500 2.100000
-2.852500 -14.770000 1.890000
-2.817500 -11.900000 1.662500
-2.992500 -9.555000 2.782500
-2.257500 -9.590000 4.182500
-1.225000 -13.492500 4.637500
-0.507500 -19.390000 5.215000
-0.315000 -20.597500 4.637500
-0.175000 -20.527500 4.480000
-0.455000 -20.895000 4.882500
-0.245000 -20.142500 6.125000
0.910000 -19.985000 7.297500
0.735000 -19.652500 8.347500
0.245000 -20.527500 8.785000
-0.385000 -23.660000 7.035000
-2.030000 -28.402500 4.585000
-2.800000 -32.147500 4.672500
-2.660000 -33.687500 6.965000
-3.080000 -34.230000 8.610000
-4.042500 -35.192500 8.697500
-5.442500 -32.637500 8.190000
-7.210000 -27.527500 7.455000
-7.630000 -22.732500 7.367500
-6.195000 -20.405000 8.890000
-3.587500 -18.182500 11.182500
0.612500 -16.660000 13.457500
3.132500 -15.120000 12.232500
3.290000 -12.145000 8.557500
1.225000 -12.967500 5.547500
0.875000 -15.382500 4.217500
1.977500 -17.885000 3.622500
2.555000 -19.092500 1.662500
3.395000 -19.985000 1.085000
2.275000 -19.127500 -0.122500
0.070000 -15.557500 -1.452500
-1.190000 -13.282500 -2.187500
-2.117500 -16.870000 -0.840000
-2.537500 -18.550000 -1.697500
-1.522500 -16.117500 -3.115000
-0.717500 -11.375000 -3.675000
0.577500 -8.470000 -2.240000
1.592500 -8.750000 0.647500
1.557500 -13.895000 1.680000
0.315000 -14.490000 -0.035000
-0.857500 -8.505000 -1.715000
-0.507500 -3.342500 -2.292500
0.612500 -1.575000 -1.872500
1.505000 -1.242500 1.190000
2.065000 -1.977500 3.255000
2.520000 -7.560000 6.807500
1.680000 -14.367500 7.017500
0.385000 -14.910000 5.022500
-0.560000 -12.232500 3.010000
-1.050000 -11.515000 2.485000
-1.715000 -9.870000 2.800000
-2.572500 -2.852500 3.272500
-2.222500 1.382500 5.652500
-1.417500 -8.960000 11.935000
-1.627500 -31.937500 17.797500
-2.765000 -39.025000 16.870000
-3.885000 -27.492500 11.987500
-3.465000 -11.147500 7.490000
-1.435000 -7.962500 5.827500
2.940000 -17.692500 8.120000
6.195000 -26.320000 10.045000
6.177500 -27.125000 11.987500
4.427500 -18.882500 13.282500
1.820000 -9.975000 12.932500
0.717500 -11.532500 10.115000
0.052500 -16.695000 4.952500
1.330000 -18.585000 0.997500
2.100000 -19.302500 2.292500
4.112500 -16.100000 5.582500
4.812500 -10.797500 7.297500
3.902500 -14.070000 7.262500
1.802500 -15.312500 3.080000
0.280000 -10.920000 0.647500
-0.595000 -7.490000 1.242500
-0.805000 -8.627500 1.907500
0.770000 -10.622500 1.575000
2.695000 -10.517500 2.502500
4.095000 -15.522500 5.547500
4.585000 -15.995000 6.632500
3.972500 -11.252500 4.515000
0.997500 -8.417500 0.490000
-1.732500 -9.135000 -2.345000
-2.922500 -10.762500 -1.592500
-0.210000 -10.220000 0.000000
2.642500 -10.762500 1.067500
4.130000 -12.495000 0.665000
1.995000 -12.495000 -2.555000
-1.452500 -9.870000 -6.667500
-3.062500 -8.522500 -9.135000
-2.205000 -4.865000 -8.190000
-0.367500 1.155000 -6.615000
1.190000 5.530000 -4.602500
1.837500 7.140000 -6.020000
2.467500 5.005000 -8.785000
1.260000 1.645000 -10.920000
-0.595000 -0.700000 -10.517500
-1.225000 -0.787500 -6.685000
-0.612500 1.365000 -2.940000
1.995000 2.817500 -1.487500
5.337500 1.890000 -1.347500
6.545000 -2.817500 0.280000
5.705000 -6.457500 2.467500
2.170000 -7.420000 2.065000
-2.695000 -6.755000 1.032500
-5.950000 -4.760000 -1.190000
-6.177500 -3.570000 -2.992500
-3.780000 -8.925000 -3.605000
-0.595000 -14.105000 -1.802500
0.035000 -15.207500 2.730000
-1.855000 -10.937500 6.335000
-5.722500 -9.292500 7.525000
-9.117500 -11.077500 6.072500
-9.852500 -12.687500 2.257500
-6.492500 -15.470000 -2.887500
-2.397500 -18.742500 -4.410000
0.035000 -19.285000 -2.677500
1.400000 -17.552500 1.645000
2.240000 -14.140000 5.582500
2.502500 -17.097500 7.735000
1.242500 -17.202500 7.087500
-0.630000 -14.420000 5.565000
-1.855000 -13.720000 5.390000
-0.857500 -13.107500 7.227500
0.472500 -10.605000 10.202500
3.080000 -9.380000 12.670000
5.740000 -8.347500 13.790000
7.472500 -7.857500 10.587500
7.157500 -6.860000 6.300000
5.302500 -7.875000 4.252500
3.780000 -10.377500 3.412500
2.205000 -10.150000 4.235000
0.840000 -6.877500 4.567500
0.227500 -6.387500 4.305000
0.385000 -4.847500 2.380000
0.927500 -3.885000 -0.052500
0.385000 -7.122500 -1.050000
-0.052500 -11.130000 -0.175000
-0.682500 -9.537500 0.892500
-1.855000 -6.527500 1.102500
-1.820000 -4.707500 1.802500
-0.140000 -4.445000 2.747500
2.345000 -4.655000 2.957500
3.342500 -8.487500 2.170000
2.520000 -12.687500 1.680000
-0.017500 -12.565000 2.205000
-3.570000 -9.170000 3.640000
-3.500000 -7.822500 4.760000
-1.102500 -5.862500 3.552500
0.210000 -4.340000 0.035000
-0.035000 -6.755000 -2.135000
-1.505000 -10.972500 -1.995000
-2.800000 -10.115000 -0.892500
-3.237500 -9.257500 0.350000
-2.607500 -7.227500 1.120000
-0.997500 -6.947500 3.045000
-0.437500 -7.315000 3.710000
-0.542500 -10.062500 3.937500
-0.700000 -13.842500 2.187500
-0.910000 -13.142500 0.140000
-1.330000 -13.492500 0.385000
-1.347500 -14.350000 2.310000
-1.592500 -12.372500 1.260000
-1.452500 -9.012500 0.122500
-1.207500 -7.350000 -0.157500
-0.577500 -9.625000 1.277500
0.052500 -13.090000 3.955000
0.192500 -14.105000 5.722500
0.315000 -15.032500 4.970000
0.087500 -15.050000 2.520000
-1.627500 -9.660000 -0.875000
-2.502500 -7.805000 -1.137500
-1.960000 -11.690000 1.120000
-0.630000 -17.482500 3.272500
-0.455000 -19.547500 3.657500
-1.995000 -18.497500 2.222500
-3.920000 -14.402500 0.595000
-4.865000 -9.992500 -0.490000
-5.092500 -7.315000 -1.382500
-4.235000 -8.382500 0.192500
-2.222500 -9.695000 2.135000
-0.280000 -11.235000 4.445000
0.350000 -13.265000 4.917500
-0.350000 -14.052500 3.220000
-2.380000 -10.815000 -0.717500
-4.182500 -7.595000 -4.812500
-4.742500 -6.020000 -5.197500
-4.340000 -7.227500 -3.902500
-2.905000 -8.242500 -2.257500
-0.927500 -10.727500 -0.297500
-0.752500 -11.497500 -0.105000
-1.732500 -12.845000 -1.050000
-2.975000 -16.047500 -1.907500
-3.727500 -18.340000 -0.787500
-2.362500 -16.222500 0.752500
-0.927500 -11.602500 2.555000
1.557500 -9.555000 4.147500
2.747500 -10.867500 4.672500
1.977500 -15.960000 2.782500
0.175000 -20.125000 1.102500
-1.575000 -20.072500 0.805000
-2.642500 -17.797500 1.207500
-1.785000 -18.130000 3.150000
-0.157500 -20.195000 4.550000
0.595000 -22.540000 3.272500
0.717500 -22.050000 1.277500
-0.840000 -16.397500 -0.507500
-2.887500 -11.567500 -0.630000
-4.707500 -11.970000 0.595000
-5.582500 -13.947500 2.520000
-3.482500 -13.562500 2.975000
0.157500 -12.302500 3.902500
3.395000 -9.327500 3.342500
4.445000 -5.687500 0.857500
2.012500 -6.177500 0.157500
-0.910000 -10.622500 0.017500
-2.555000 -12.005000 0.542500
-3.587500 -11.795000 1.627500
-2.240000 -10.675000 2.975000
-0.087500 -6.772500 4.252500
2.065000 -5.075000 3.132500
2.957500 -2.747500 -1.155000
2.397500 -2.905000 -3.237500
0.910000 -9.607500 -1.837500
-0.122500 -13.352500 0.665000
-2.100000 -13.020000 3.237500
-3.430000 -16.257500 6.422500
-3.097500 -18.497500 6.265000
-2.747500 -14.997500 3.622500
-2.730000 -13.230000 -0.192500
-3.080000 -12.635000 -2.065000
-4.462500 -14.647500 -1.382500
-4.865000 -18.305000 1.575000
-5.337500 -19.337500 4.777500
-6.510000 -16.922500 4.795000
-6.702500 -14.000000 3.272500
-4.690000 -13.300000 0.822500
-2.257500 -13.422500 -0.455000
-0.175000 -14.560000 0.140000
0.542500 -19.110000 2.327500
-0.805000 -21.682500 4.130000
-1.925000 -21.157500 4.410000
-3.255000 -18.392500 3.640000
-3.832500 -13.860000 2.327500
-3.272500 -10.447500 0.332500
-1.890000 -14.385000 0.350000
-1.575000 -23.257500 1.820000
-1.505000 -22.505000 1.907500
-2.940000 -13.842500 0.875000
-4.095000 -3.290000 -0.910000
-3.640000 -2.537500 -0.945000
-2.730000 -9.835000 1.435000
-1.645000 -16.012500 2.012500
-0.997500 -20.072500 2.747500
-1.330000 -17.850000 1.452500
-2.450000 -11.445000 -0.332500
-3.500000 -6.107500 -1.592500
-4.165000 -4.812500 -1.715000
-2.677500 -6.965000 -1.120000
-1.382500 -10.115000 -0.280000
-1.067500 -11.410000 0.035000
-1.487500 -13.650000 1.277500
-2.957500 -13.650000 2.677500
-4.795000 -8.837500 1.995000
-5.775000 -3.675000 -0.892500
-4.445000 -6.002500 -2.765000
-2.590000 -14.385000 -3.342500
-1.610000 -18.585000 -2.450000
-2.870000 -20.212500 -0.297500
-4.865000 -19.162500 0.455000
-5.652500 -15.400000 0.122500
-5.950000 -10.605000 -1.890000
-5.127500 -9.625000 -3.762500
-3.500000 -13.492500 -3.710000
-0.525000 -15.907500 -2.415000
1.522500 -16.117500 -0.332500
2.082500 -17.902500 1.487500
0.472500 -16.100000 2.082500
-0.997500 -13.300000 1.400000
-1.942500 -11.620000 1.032500
-2.625000 -14.332500 1.855000
-3.150000 -16.222500 1.575000
-2.905000 -16.117500 0.892500
-1.067500 -17.797500 1.732500
0.472500 -19.582500 3.535000
-0.647500 -17.097500 2.537500
-3.307500 -13.702500 1.137500
-3.902500 -12.250000 -0.052500
-2.625000 -10.360000 -0.665000
-0.787500 -9.922500 0.962500
0.857500 -9.117500 3.377500
2.170000 -9.450000 4.742500
2.170000 -10.692500 5.355000
0.980000 -12.127500 4.987500
-1.190000 -11.672500 2.555000
-4.252500 -9.520000 0.472500
-5.792500 -9.677500 -0.472500
-6.702500 -10.955000 -0.105000
-4.935000 -12.162500 0.822500
-2.800000 -12.722500 2.397500
-1.855000 -12.600000 3.727500
-3.710000 -13.142500 2.590000
-7.105000 -12.407500 0.087500
-8.977500 -11.270000 -1.417500
-9.415000 -10.447500 -1.610000
-7.787500 -9.835000 -0.437500
-4.620000 -8.977500 1.067500
-3.062500 -9.485000 2.607500
-5.057500 -11.515000 2.660000
-7.945000 -11.917500 1.347500
-11.130000 -9.030000 -1.312500
-11.322500 -3.272500 -2.432500
-9.590000 -2.135000 -1.627500
-6.142500 -6.352500 2.205000
-4.007500 -12.792500 3.465000
-4.655000 -18.340000 3.885000
-6.527500 -19.705000 4.322500
-7.192500 -17.255000 4.200000
-6.912500 -9.345000 2.975000
-5.705000 -3.482500 1.680000
-3.605000 -4.882500 1.610000
-3.272500 -10.500000 2.100000
-4.900000 -13.667500 1.610000
-7.210000 -15.277500 0.875000
-8.487500 -11.077500 0.822500
-7.367500 -6.090000 -0.017500
-5.267500 -3.692500 -0.122500
-3.377500 -4.270000 0.927500
-2.152500 -3.465000 1.260000
-2.240000 -2.310000 0.752500
-2.782500 -2.292500 1.505000
-1.785000 -3.500000 2.905000
-1.890000 -2.800000 1.855000
-2.450000 -4.340000 1.610000
-4.042500 -6.545000 1.067500
-5.915000 -7.000000 -0.595000
-8.645000 -6.702500 -3.132500
-9.310000 -7.035000 -4.865000
-8.260000 -8.067500 -3.360000
-4.585000 -6.265000 0.017500
-1.855000 -4.060000 1.995000
-2.957500 -6.597500 1.977500
-6.947500 -10.622500 0.315000
-13.090000 -11.725000 -3.150000
-17.167500 -9.940000 -5.057500
-17.727500 -8.680000 -4.322500
-16.152500 -8.750000 -3.360000
-13.685000 -8.837500 -1.925000
-10.500000 -10.587500 -0.595000
-9.152500 -8.312500 0.175000
-9.415000 -5.407500 -0.035000
-10.342500 -2.310000 -1.960000
-12.075000 -2.712500 -3.780000
-12.827500 -6.702500 -4.340000
-11.970000 -8.890000 -3.640000
-10.220000 -11.147500 -1.277500
-9.957500 -9.380000 0.000000
-9.975000 -4.987500 0.805000
-10.430000 -1.592500 -0.402500
-9.380000 -1.330000 -0.910000
-8.715000 -3.517500 -1.277500
-8.137500 -6.965000 -0.577500
-8.400000 -10.780000 0.175000
-9.380000 -12.827500 0.140000
-10.220000 -12.582500 0.262500
-9.905000 -10.517500 0.017500
-9.012500 -6.020000 -0.245000
-7.525000 -4.410000 -0.245000
-5.337500 -5.862500 -0.437500
-4.427500 -5.915000 -0.875000
-4.445000 -9.835000 -0.945000
-8.120000 -13.510000 -1.417500
-10.937500 -15.470000 -2.065000
-11.410000 -13.650000 -2.100000
-10.167500 -11.077500 -2.712500
-9.922500 -8.277500 -3.377500
-9.590000 -6.632500 -2.940000
-8.592500 -10.062500 -0.892500
-7.192500 -14.175000 0.752500
-8.382500 -17.325000 0.962500
-10.587500 -18.777500 0.472500
-12.005000 -15.365000 0.000000
-11.007500 -9.345000 -0.402500
-9.152500 -5.110000 0.000000
-7.297500 -6.212500 0.577500
-5.215000 -11.987500 1.557500
-5.582500 -15.172500 0.577500
-7.822500 -15.872500 0.315000
-10.132500 -12.232500 0.070000
-11.060000 -7.245000 0.420000
-9.870000 -7.402500 0.945000
-8.470000 -10.290000 0.822500
-8.855000 -12.600000 0.455000
-10.920000 -14.927500 1.032500
-11.987500 -18.480000 2.012500
-11.987500 -19.915000 3.010000
-11.952500 -17.342500 2.747500
-11.270000 -13.335000 2.275000
-11.690000 -13.685000 1.015000
-10.745000 -15.855000 1.050000
-9.170000 -16.362500 1.120000
-9.170000 -14.717500 1.225000
-8.417500 -12.670000 -0.332500
-7.420000 -13.825000 -2.310000
-5.145000 -15.172500 -3.867500
-2.870000 -13.055000 -3.955000
-0.752500 -9.310000 -1.767500
-0.035000 -7.472500 1.837500
-0.192500 -7.420000 2.800000
-2.747500 -6.702500 2.152500
-3.115000 -7.857500 0.122500
-3.552500 -8.977500 -1.190000
-4.130000 -10.780000 -0.787500
-4.340000 -12.092500 -0.140000
-4.392500 -12.075000 0.787500
-5.757500 -12.670000 1.155000
-6.912500 -12.722500 1.347500
-8.522500 -12.057500 0.927500
-8.960000 -9.397500 0.770000
-7.297500 -7.280000 2.100000
-3.990000 -6.947500 3.080000
-2.642500 -8.155000 3.605000
-3.272500 -9.205000 2.257500
-4.865000 -11.620000 1.137500
-5.180000 -11.830000 -0.332500
-4.917500 -8.522500 -1.102500
-4.147500 -5.862500 -0.945000
-2.765000 -8.172500 -1.190000
-1.312500 -11.707500 -0.315000
-1.837500 -13.142500 0.175000
-3.045000 -13.667500 0.017500
-3.762500 -11.375000 -1.347500
-4.707500 -6.650000 -2.397500
-4.847500 -3.710000 -2.380000
-4.025000 -6.317500 -1.505000
-4.287500 -11.042500 -1.767500
-5.600000 -14.087500 -2.135000
-6.877500 -16.572500 -2.730000
-7.105000 -15.627500 -2.135000
-6.405000 -11.952500 -1.067500
-6.107500 -6.177500 -0.735000
-6.807500 -2.537500 -0.857500
-7.735000 -3.710000 -0.105000
-7.700000 -5.600000 0.577500
-7.052500 -5.617500 0.980000
-5.845000 -3.045000 1.522500
-4.987500 -0.612500 1.522500
-4.987500 1.925000 1.662500
-5.617500 3.237500 1.697500
-5.320000 2.870000 1.487500
-3.937500 0.490000 1.295000
-2.397500 -4.375000 3.010000
-1.995000 -5.495000 2.870000
-2.975000 -5.005000 2.415000
-4.830000 -4.305000 1.732500
-4.952500 -4.217500 -0.122500
-2.625000 -4.410000 -1.137500
-0.437500 -3.482500 -0.612500
0.525000 -2.712500 0.647500
0.245000 -2.905000 0.682500
-0.787500 -4.007500 1.417500
0.875000 -5.897500 1.855000
2.117500 -3.902500 2.362500
1.470000 -0.280000 0.892500
-0.385000 1.540000 0.822500
-2.205000 0.682500 -0.087500
-2.677500 -1.767500 -0.157500
-2.607500 -3.990000 0.927500
-3.150000 -3.902500 0.997500
-3.360000 -5.075000 1.715000
-2.222500 -4.410000 2.765000
-1.890000 -1.960000 2.152500
-0.962500 0.035000 1.540000
-0.332500 1.207500 1.260000
0.437500 1.260000 0.332500
0.385000 -2.432500 -0.630000
0.192500 -4.637500 -0.245000
-0.647500 -2.712500 -0.805000
-0.787500 -0.822500 -0.962500
-0.980000 -2.537500 0.070000
-1.260000 -3.640000 0.910000
-0.805000 -3.972500 -0.245000
-0.630000 -3.622500 -0.367500
-1.802500 -1.575000 -1.785000
-1.732500 -1.470000 -0.665000
-0.280000 -0.105000 -0.175000
0.805000 2.695000 0.385000
1.137500 2.117500 0.700000
0.787500 -1.155000 -0.822500
-0.455000 -1.715000 -0.735000
-2.205000 -1.680000 -0.262500
-3.535000 -0.245000 -0.070000
-3.832500 0.000000 -0.245000
-4.725000 1.015000 -0.402500
-4.497500 0.262500 -1.155000
-4.270000 -1.155000 -0.927500
-4.760000 -1.312500 1.417500
-4.865000 -0.717500 2.205000
-6.125000 0.892500 2.240000
-8.610000 0.857500 2.292500
-10.937500 0.385000 2.397500
-12.005000 -0.945000 2.520000
-10.622500 -1.767500 4.305000
-9.170000 -1.575000 5.495000
-8.242500 -2.065000 5.880000
-8.977500 -1.785000 4.847500
-9.432500 -0.070000 2.362500
-8.872500 0.402500 0.805000
-8.295000 1.697500 0.175000
-7.787500 2.362500 0.945000
-7.980000 1.190000 1.050000
-8.995000 -0.157500 0.507500
-9.957500 -1.995000 0.770000
-10.290000 -2.800000 2.170000
-8.837500 -3.167500 3.412500
-8.785000 -1.225000 2.502500
-8.942500 0.402500 2.082500
-8.995000 1.522500 1.592500
-8.417500 1.207500 2.187500
-7.455000 -0.420000 1.907500
-7.035000 -1.277500 1.645000
-5.810000 -0.245000 0.682500
-6.545000 -0.297500 0.140000
-7.420000 -2.590000 1.382500
-8.347500 -1.890000 1.435000
-7.945000 -0.052500 1.207500
-7.490000 2.800000 2.205000
-6.440000 0.000000 0.647500
-5.932500 -5.845000 -1.557500
-6.002500 -9.187500 -2.310000
-6.860000 -10.395000 0.000000
-7.175000 -7.052500 2.135000
-8.277500 -0.927500 2.852500
-8.750000 1.452500 3.010000
-8.435000 1.365000 0.962500
-7.297500 -0.175000 -1.172500
-6.247500 -3.622500 -0.052500
-6.405000 -5.215000 1.435000
-5.915000 -4.952500 3.885000
-6.387500 -3.552500 5.197500
-9.100000 -2.415000 4.830000
-11.165000 -2.537500 3.360000
-10.920000 -2.100000 0.997500
-10.552500 -3.325000 1.067500
-10.745000 -3.167500 1.417500
-10.955000 -3.255000 2.222500
-9.310000 -3.657500 2.852500
-7.525000 -2.817500 2.660000
-5.985000 -0.157500 1.767500
-7.175000 1.697500 0.157500
-9.712500 1.680000 -1.522500
-12.827500 -0.665000 -3.080000
-14.735000 -3.832500 -0.997500
-14.910000 -4.147500 0.490000
-13.405000 -3.832500 2.415000
-13.510000 -1.470000 2.467500
-12.897500 2.642500 1.260000
-12.985000 4.865000 0.385000
-13.912500 3.587500 -0.052500
-16.572500 0.140000 -0.455000
-18.410000 -5.950000 0.822500
-21.105000 -9.205000 0.157500
-21.017500 -7.997500 0.420000
-18.357500 -5.530000 2.590000
-14.980000 -2.502500 3.535000
-12.250000 -0.787500 2.975000
-9.117500 -1.942500 2.240000
-7.332500 -4.480000 2.187500
-7.910000 -4.847500 1.417500
-7.717500 -5.180000 2.397500
-8.540000 -4.392500 2.870000
-8.015000 -1.680000 2.590000
-5.512500 0.490000 1.715000
-2.100000 -1.400000 0.000000
0.420000 -1.645000 -2.292500
1.050000 -0.945000 -3.097500
0.297500 -0.122500 -3.080000
-1.207500 -0.525000 -1.872500
-3.167500 -0.560000 -0.787500
-3.395000 -0.752500 0.542500
-3.377500 -0.140000 -0.035000
-2.625000 -0.070000 -0.105000
-1.452500 0.892500 -1.417500
-3.185000 0.332500 -2.082500
-6.317500 -0.560000 -2.765000
-8.680000 -2.205000 -1.067500
-7.962500 -2.205000 0.192500
-6.230000 -0.910000 0.752500
-4.725000 0.612500 0.297500
-5.215000 0.875000 -0.700000
-7.682500 -2.292500 -1.312500
-8.347500 -5.635000 -0.262500
-8.015000 -4.007500 0.017500
-6.265000 0.297500 -1.137500
-4.462500 0.577500 -1.750000
-5.057500 -2.730000 -2.642500
-7.105000 -3.902500 -1.907500
-10.237500 -2.187500 -1.225000
-12.180000 -2.502500 0.227500
-13.615000 -2.800000 1.505000
-13.545000 -2.117500 1.242500
-12.425000 -2.467500 1.557500
-9.170000 -1.347500 1.172500
-6.457500 -0.787500 0.437500
-6.212500 -1.662500 0.210000
-8.102500 -3.115000 0.840000
-10.867500 -4.987500 2.240000
-12.005000 -3.430000 2.030000
-12.320000 -0.647500 1.575000
-9.695000 1.015000 1.295000
-5.705000 0.490000 -0.227500
-3.237500 -1.662500 -1.522500
-2.730000 -3.482500 -0.350000
-4.095000 -3.272500 0.805000
-4.935000 -1.452500 1.050000
-5.180000 -0.140000 1.120000
-5.337500 -0.315000 0.175000
-4.445000 0.140000 -2.292500
-3.885000 -0.805000 -3.290000
-3.552500 -1.942500 -2.747500
-3.517500 -2.345000 -0.595000
-4.042500 -2.135000 1.295000
-4.655000 -1.382500 1.960000
-4.795000 -0.525000 1.715000
-5.302500 -0.717500 0.647500
-5.652500 -2.135000 -0.665000
-5.967500 -2.555000 -1.487500
-5.337500 -2.012500 -1.820000
-3.955000 -2.380000 -1.645000
-2.502500 -2.887500 -1.137500
-1.767500 -2.170000 -1.032500
-2.765000 -2.240000 -0.455000
-4.777500 -1.627500 -0.507500
-5.757500 -0.140000 -0.945000
-6.300000 -0.017500 -1.242500
-6.072500 -1.907500 -1.120000
-5.425000 -3.307500 0.157500
-4.340000 -2.730000 1.382500
-3.342500 -1.837500 1.505000
-3.990000 -1.347500 2.082500
-4.532500 0.367500 1.645000
-4.760000 1.032500 0.980000
-4.690000 1.207500 -0.332500
-5.110000 -0.035000 -1.050000
-5.302500 -2.660000 -1.102500
-5.197500 -3.430000 0.787500
-5.862500 -2.327500 1.435000
-6.247500 -1.645000 1.610000
-6.195000 -1.102500 0.962500
-6.265000 -0.437500 1.102500
-5.810000 1.872500 0.385000
-6.107500 1.662500 0.332500
-6.790000 -0.315000 -0.682500
-6.072500 -1.085000 -1.627500
-4.340000 -0.752500 -1.400000
-2.380000 -0.805000 -0.420000
-2.065000 0.175000 -0.157500
-2.590000 1.487500 -0.455000
-4.200000 2.345000 0.210000
-6.055000 2.642500 -0.437500
-6.667500 0.665000 -2.362500
-6.475000 -1.400000 -2.817500
-5.477500 -2.747500 -1.732500
-5.215000 -3.255000 0.227500
-6.387500 -2.152500 0.910000
-7.385000 -1.942500 1.522500
-7.350000 -1.995000 1.470000
-5.810000 -1.120000 1.610000
-4.200000 -0.805000 1.347500
-4.847500 -0.612500 0.052500
-4.427500 -0.350000 -0.612500
-4.217500 -0.402500 -1.750000
-5.372500 -0.840000 -2.432500
-5.547500 -1.452500 -1.365000
-5.705000 -1.470000 0.455000
-6.650000 -1.190000 0.910000
-6.545000 -1.050000 0.997500
-6.440000 -0.542500 0.647500
-5.880000 -0.227500 -0.822500
-6.072500 -0.542500 -2.082500
-6.107500 -1.102500 -2.922500
-6.107500 -1.452500 -2.135000
-5.442500 -1.225000 -1.645000
-5.897500 -1.400000 -1.032500
-5.635000 -1.802500 -1.067500
-5.705000 -0.122500 -1.225000
-5.792500 1.365000 -1.225000
-6.842500 2.502500 -0.787500
-7.035000 1.260000 -1.295000
-6.475000 -0.630000 -1.155000
-4.865000 -0.665000 -0.595000
-4.217500 0.245000 0.665000
-4.060000 2.292500 1.067500
-5.635000 2.975000 0.350000
-6.860000 2.432500 -0.892500
-6.947500 0.070000 -1.977500
-5.512500 -3.535000 -0.210000
-5.250000 -2.100000 0.752500
-6.492500 -0.035000 0.630000
-6.737500 -0.367500 0.140000
-7.350000 1.820000 -0.945000
-7.595000 2.835000 -1.697500
-6.825000 2.047500 -1.890000
-7.087500 -0.052500 -2.187500
-7.140000 -3.500000 0.332500
-6.195000 -3.885000 1.697500
-5.460000 -1.102500 0.367500
-4.882500 0.192500 -1.102500
-4.567500 2.660000 -1.522500
-5.092500 4.445000 -1.767500
-4.672500 2.485000 -1.890000
-3.395000 0.332500 -2.187500
-2.922500 -0.770000 -0.735000
-2.712500 -1.435000 0.245000
-3.902500 0.070000 -0.595000
-4.620000 1.557500 -1.032500
-5.670000 3.150000 -1.977500
-5.495000 2.065000 -3.500000
-3.955000 -0.980000 -3.045000
-3.237500 -3.955000 0.490000
-2.782500 -3.920000 2.555000
-3.745000 -1.627500 1.172500
-5.372500 -2.240000 0.927500
-7.017500 -0.700000 -0.770000
-8.032500 -0.647500 -2.380000
-8.365000 -1.610000 -2.922500
-6.842500 -2.992500 -1.872500
-5.425000 -3.237500 -1.050000
-4.935000 -1.837500 -1.942500
-5.390000 0.052500 -2.747500
-4.707500 0.542500 -3.290000
-4.007500 -1.120000 -4.095000
-3.675000 -0.140000 -4.847500
-4.252500 -0.542500 -5.057500
-4.375000 -4.077500 -3.097500
-5.145000 -6.160000 -0.805000
-6.055000 -4.130000 1.242500
-5.985000 -0.770000 0.892500
-6.545000 1.837500 -1.032500
-7.997500 1.050000 -3.902500
-8.225000 -2.082500 -4.672500
-7.227500 -4.620000 -2.800000
-6.230000 -4.987500 -1.085000
-4.200000 -4.900000 0.087500
-3.535000 -1.820000 -1.260000
-4.252500 -0.857500 -2.870000
-5.040000 -2.397500 -3.482500
-5.145000 -3.290000 -2.502500
-5.407500 -2.362500 -1.627500
-6.807500 -3.622500 -1.207500
-9.065000 -6.177500 -0.910000
-12.232500 -8.015000 -0.367500
-13.912500 -9.345000 0.367500
-13.842500 -9.695000 0.350000
-12.250000 -8.505000 -0.682500
-9.957500 -9.047500 -2.677500
-8.137500 -11.392500 -4.182500
-7.105000 -13.807500 -4.567500
-7.350000 -13.527500 -3.832500
-8.592500 -9.782500 -1.330000
-8.277500 -6.755000 1.645000
-6.720000 -4.305000 3.902500
-4.917500 -3.220000 3.115000
-3.062500 -3.902500 1.277500
-2.485000 -6.090000 -0.630000
-3.290000 -7.087500 -2.800000
-5.460000 -7.052500 -3.167500
-7.105000 -6.107500 -1.767500
-6.597500 -4.690000 0.665000
-3.115000 -1.960000 1.330000
-1.085000 -0.192500 0.070000
-0.560000 -1.155000 -2.870000
-0.332500 -4.270000 -4.445000
-1.697500 -5.547500 -4.847500
-2.870000 -5.162500 -4.340000
-3.377500 -4.200000 -2.275000
-2.887500 -0.840000 -1.137500
-2.625000 1.102500 -0.035000
-0.805000 0.700000 -1.960000
-0.735000 -1.242500 -4.410000
-1.557500 -1.400000 -3.237500
-3.307500 -1.330000 -2.275000
-4.217500 -1.627500 -1.137500
-3.552500 -1.050000 -0.070000
-3.045000 -0.437500 -0.070000
-2.520000 -0.192500 -0.945000
-2.100000 -1.960000 -1.820000
-2.940000 -3.167500 -2.975000
-3.885000 -4.812500 -2.152500
-5.092500 -5.162500 -0.367500
-6.562500 -6.597500 0.437500
-6.195000 -8.855000 0.542500
-5.442500 -9.730000 1.032500
-3.482500 -6.737500 1.487500
-2.957500 -4.042500 1.330000
-2.572500 -4.795000 1.435000
-2.292500 -4.882500 1.715000
-1.732500 -5.215000 2.030000
-1.592500 -5.477500 2.030000
-1.120000 -6.125000 2.205000
-0.822500 -5.180000 1.417500
0.105000 -4.515000 0.122500
0.192500 -4.060000 -3.342500
-1.487500 -5.565000 -4.620000
-3.465000 -4.760000 -3.955000
-4.287500 -2.730000 -1.977500
-4.147500 -2.380000 -0.175000
-3.360000 -2.870000 -0.472500
-2.362500 -1.225000 -3.115000
-1.032500 -0.332500 -4.182500
0.105000 -0.455000 -5.057500
-0.647500 -3.447500 -5.075000
-1.680000 -7.752500 -6.667500
-3.185000 -9.747500 -6.632500
-4.742500 -8.400000 -4.217500
-3.885000 -4.742500 -1.645000
-1.872500 -1.785000 -1.382500
-0.070000 -0.962500 -3.692500
1.050000 -2.345000 -5.617500
0.612500 -6.440000 -6.772500
0.157500 -9.397500 -7.472500
-2.712500 -7.017500 -5.950000
-5.092500 -2.905000 -3.570000
-5.442500 -0.175000 -0.875000
-4.637500 0.402500 -0.595000
-3.570000 -0.875000 -1.662500
-2.345000 -4.357500 -1.207500
-2.572500 -5.022500 -1.172500
-4.252500 -3.360000 -0.577500
-5.407500 -2.327500 0.577500
-4.445000 -0.997500 1.785000
-3.517500 0.000000 2.520000
-2.520000 -1.102500 1.872500
-1.365000 -0.647500 -0.787500
-1.610000 -1.050000 -1.960000
-3.832500 -1.207500 -1.207500
-5.775000 -0.665000 2.222500
-5.862500 -0.210000 6.562500
-3.465000 1.190000 7.402500
-1.715000 2.537500 6.965000
-0.682500 4.252500 4.585000
-0.227500 4.550000 3.167500
0.910000 3.255000 3.867500
3.027500 3.745000 6.020000
4.917500 6.947500 8.522500
6.422500 11.410000 11.655000
7.245000 14.402500 13.370000
8.242500 11.900000 12.285000
8.907500 8.400000 9.240000
8.662500 7.052500 6.492500
8.242500 6.405000 5.512500
8.207500 7.210000 5.477500
8.767500 9.205000 5.372500
9.047500 8.260000 5.652500
9.625000 8.347500 6.597500
10.062500 7.525000 7.595000
9.835000 5.442500 7.280000
8.277500 3.395000 4.900000
7.910000 0.840000 1.855000
8.750000 2.152500 2.397500
9.800000 4.567500 5.617500
11.287500 5.547500 9.135000
12.652500 7.455000 10.535000
14.857500 8.645000 9.502500
17.762500 11.182500 8.190000
20.492500 14.385000 8.645000
19.512500 14.035000 9.642500
14.577500 9.835000 8.277500
10.640000 2.047500 8.575000
8.312500 -3.342500 9.292500
3.360000 -1.347500 8.330000
-1.715000 2.100000 8.715000
-3.185000 1.575000 6.457500
-3.797500 0.052500 2.887500
-8.032500 2.327500 1.837500
-10.412500 1.977500 2.257500
-8.907500 0.735000 2.082500
-10.850000 3.027500 3.937500
-11.602500 3.115000 6.405000
-9.292500 2.642500 8.137500
-4.987500 1.995000 7.210000
-1.295000 1.557500 5.582500
2.415000 2.222500 4.690000
4.550000 3.675000 5.635000
4.515000 7.000000 6.615000
2.205000 9.362500 6.387500
-0.910000 10.255000 6.545000
-1.855000 9.625000 6.282500
-0.402500 4.690000 6.580000
1.347500 2.292500 8.645000
2.590000 5.197500 11.042500
3.290000 7.927500 10.972500
4.480000 8.785000 8.102500
4.760000 7.000000 4.287500
5.565000 3.185000 2.572500
6.510000 3.885000 4.445000
8.260000 6.440000 8.085000
8.767500 11.392500 10.290000
9.695000 12.372500 9.887500
9.257500 10.797500 6.457500
7.805000 8.487500 2.257500
6.072500 5.407500 1.540000
4.357500 5.285000 4.900000
3.010000 7.455000 10.675000
1.820000 9.537500 14.980000
1.820000 10.762500 15.977500
2.397500 11.427500 13.422500
2.397500 10.045000 9.817500
3.167500 7.000000 6.440000
3.867500 4.952500 6.195000
5.582500 6.142500 7.665000
7.682500 8.242500 9.992500
9.187500 10.832500 11.655000
9.537500 12.897500 10.465000
8.137500 11.882500 7.892500
5.757500 9.047500 5.425000
5.040000 8.190000 6.527500
5.617500 9.222500 8.015000
6.597500 9.100000 8.277500
8.067500 8.750000 7.945000
10.290000 9.677500 8.312500
11.725000 10.850000 7.980000
11.777500 10.675000 7.927500
11.865000 9.415000 7.612500
11.130000 8.050000 5.985000
8.015000 6.405000 4.322500
4.515000 4.077500 3.500000
1.697500 2.362500 3.867500
-0.402500 2.712500 4.550000
-1.400000 2.152500 6.160000
-2.362500 2.712500 7.682500
-1.907500 4.270000 9.082500
-1.120000 4.970000 8.400000
-0.280000 3.570000 6.230000
0.490000 1.557500 2.607500
1.172500 1.330000 0.297500
1.942500 3.570000 1.645000
2.537500 3.167500 2.712500
2.012500 4.007500 4.742500
2.012500 5.110000 5.775000
2.152500 4.252500 6.912500
1.802500 5.145000 6.615000
2.677500 5.915000 6.265000
5.022500 4.165000 4.707500
7.402500 3.727500 3.780000
9.362500 5.040000 2.677500
10.517500 5.687500 2.345000
10.797500 5.757500 3.815000
9.870000 7.910000 5.075000
8.225000 9.537500 5.337500
6.650000 8.505000 4.077500
6.142500 6.615000 3.482500
6.177500 4.795000 2.835000
5.320000 3.727500 2.887500
4.357500 3.692500 4.217500
2.782500 4.165000 5.635000
1.470000 3.570000 6.580000
0.262500 3.045000 6.965000
0.350000 1.767500 6.195000
0.140000 2.572500 6.160000
0.542500 2.345000 5.285000
0.875000 1.750000 4.305000
1.802500 2.695000 5.617500
2.765000 3.867500 6.317500
3.482500 4.270000 7.437500
3.692500 3.115000 7.507500
2.800000 2.380000 7.682500
1.295000 4.235000 7.402500
0.525000 6.055000 6.405000
0.140000 5.040000 5.547500
0.910000 4.830000 4.952500
2.747500 6.335000 3.710000
4.900000 5.547500 3.412500
5.985000 4.392500 3.097500
6.247500 4.497500 3.272500
5.215000 5.285000 4.077500
4.305000 7.472500 4.515000
3.220000 7.367500 4.917500
1.680000 4.777500 4.235000
0.420000 3.552500 3.412500
0.560000 3.920000 3.570000
0.945000 4.567500 5.040000
1.470000 5.582500 5.425000
0.630000 5.600000 5.162500
-0.297500 3.377500 5.565000
-1.032500 2.852500 6.615000
-1.960000 4.567500 7.245000
-2.082500 5.792500 9.975000
-0.595000 5.827500 13.352500
1.155000 8.190000 16.187500
2.572500 11.830000 18.637500
