0.014671
0.022584
0.030722
0.042587
0.058573
0.074610
0.090592
0.106579
0.122564
0.138563
0.154566
0.170573
0.186737
0.202638
0.218588
0.234698
0.250613
0.266793
0.282767
0.298651
0.314654
0.330651
0.346657
0.362654
0.378640
0.394635
0.410628
0.426662
0.442636
0.458635
0.474641
0.490615
0.506692
0.522643
0.538684
0.554581
0.570570
0.586700
0.602671
0.618574
0.634663
0.650690
0.666573
0.682633
0.698635
0.714572
0.730635
0.746585
0.762559
0.778591
0.794594
0.810636
0.826631
0.842662
0.858662
0.874663
0.890660
0.906673
0.922662
0.938662
0.954571
0.970667
0.986667
1.002669
1.018594
1.034617
1.050577
1.066668
1.082718
1.098635
1.114647
1.130634
1.146760
1.162661
1.178672
1.194597
1.210589
1.226703
1.242615
1.258660
1.274653
1.290635
1.306673
1.322654
1.338635
1.354594
1.370661
1.386572
1.402665
1.418710
1.434614
1.450609
1.466660
1.482584
1.498666
1.514751
1.530655
1.546701
1.562601
1.578585
1.594598
1.610607
1.626575
1.642590
1.658652
1.674654
1.690663
1.706678
1.722654
1.738662
1.754572
1.770661
1.786603
1.802661
1.818576
1.834659
1.850581
1.866631
1.882583
1.898616
1.914601
1.930594
1.946693
1.962595
1.978803
1.994609
2.010661
2.026602
2.042662
2.058696
2.074594
2.090654
2.106646
2.122631
2.138591
2.154541
2.170607
2.186702
2.202657
2.218559
2.234663
2.250598
2.266674
2.282613
2.298664
2.314561
2.330646
2.346712
2.362645
2.378699
2.394586
2.410568
2.426624
2.442658
2.458684
2.474626
2.490649
2.506665
2.522651
2.538691
2.554651
2.570650
2.586587
2.602575
2.618554
2.634631
2.650564
2.666632
2.682600
2.698660
2.714622
2.730611
2.746668
2.762561
2.778675
2.794574
2.810631
2.826575
2.842635
2.858577
2.874661
2.890657
2.906675
2.922656
2.938660
2.954655
2.970655
2.986647
3.002597
3.018611
3.034585
3.050755
3.066728
3.082580
3.098653
3.114680
3.130652
3.146635
3.162652
3.178725
3.194546
3.210641
3.226573
3.242630
3.258664
3.274591
3.290664
3.306675
3.322689
3.338611
3.354665
3.370649
3.386588
3.402623
3.418566
3.434687
3.450566
3.466660
3.482588
3.498659
3.514744
3.530628
3.546601
3.562560
3.578581
3.594560
3.610651
3.626629
3.642686
3.658630
3.674669
3.690681
3.706597
3.722658
3.738594
3.754658
3.770661
3.786659
3.802631
3.818629
3.834631
3.850553
3.866643
3.882576
3.898574
3.914563
3.930634
3.946702
3.962634
3.978920
3.994583
4.010631
4.026690
4.042779
4.058626
4.074683
4.090571
4.106645
4.122686
4.138658
4.154687
4.170684
4.186586
4.202659
4.218685
4.234654
4.250592
4.266660
4.282572
4.298658
4.315122
4.330743
4.346637
4.362647
4.378779
4.394594
4.410647
4.426651
4.442608
4.458650
4.474650
4.490652
4.506669
4.522664
4.538592
4.554660
4.570657
4.586660
4.602593
4.618657
4.634658
4.650564
4.666657
4.682570
4.698661
4.714714
4.730648
4.746651
4.762546
4.778646
4.794572
4.810570
4.826629
4.842685
4.858652
4.874684
4.890657
4.906651
4.922578
4.938557
4.954620
4.970617
4.986656
5.002647
5.018656
5.034648
5.050572
5.066599
5.082569
5.098642
5.114558
5.130607
5.146632
5.162648
5.178599
5.194575
5.210583
5.226655
5.242681
5.258646
5.274669
5.290564
5.306742
5.322625
5.338585
5.354577
5.370626
5.386648
5.402649
5.418654
5.434655
5.450649
5.466597
5.482545
5.498627
5.514567
5.530647
5.546573
5.562658
5.578600
5.594575
5.610632
5.626626
5.642663
5.658636
5.674660
5.690635
5.706609
5.722638
5.738640
5.754637
5.770593
5.786635
5.802638
5.818637
5.834638
5.850597
5.866635
5.882546
5.898638
5.914548
5.930639
5.947110
5.962611
5.978760
5.994589
6.010728
6.026735
6.042659
6.058601
6.074709
6.090622
6.106606
6.122565
6.138645
6.154574
6.170630
6.186570
6.202587
6.218576
6.234639
6.250637
6.266646
6.282582
6.298645
6.314567
6.330647
6.346576
6.362667
6.378671
6.394580
6.410810
6.426645
6.442581
6.458655
6.474686
6.490648
6.506705
6.522681
6.538701
6.554583
6.570683
6.586679
6.602653
6.618636
6.634639
6.650655
6.666605
6.682652
6.698622
6.714563
6.730653
6.746566
6.762556
6.778793
6.794595
6.810610
6.826634
6.842558
6.858636
6.874654
6.890657
6.906701
6.922658
6.938574
6.954654
6.970583
6.986729
7.002637
7.018647
7.034572
7.050567
7.066571
7.082571
7.098624
7.114547
7.130626
7.146549
7.162631
7.178559
7.194609
7.211015
7.226681
7.242646
7.258680
7.274590
7.290657
7.306711
7.322665
7.338645
7.354635
7.370573
7.386554
7.402580
7.418651
7.434653
7.450649
7.466652
7.482653
7.498649
7.514535
7.530637
7.546547
7.562645
7.578559
7.594588
7.610721
7.626581
7.642598
7.658633
7.674582
7.690651
7.706687
7.722625
7.738655
7.754643
7.770610
7.786588
7.802646
7.818635
7.834614
7.850594
7.866637
7.882636
7.898636
7.914635
7.930637
7.946541
7.962668
7.978574
7.994585
8.010575
8.026656
8.042717
8.058656
8.074701
8.090651
8.106584
8.122592
8.138673
8.154657
8.170682
8.186680
8.202654
8.218582
8.234651
8.250577
8.266655
8.282651
8.298650
8.314652
8.330650
8.346563
8.362667
8.378566
8.394614
8.410576
8.426585
8.442652
8.458621
8.474625
8.490655
8.506600
8.522573
8.538656
8.554632
8.570624
8.586660
8.602598
8.618560
8.634612
8.650633
8.666634
8.682653
8.698635
8.714635
8.730650
8.746552
8.762579
8.778560
8.794607
8.810571
8.826583
8.842572
8.858632
8.874731
8.890665
8.906609
8.922646
8.938754
8.954601
8.970661
8.986627
9.002672
9.018643
9.034693
9.050595
9.066641
9.082679
9.098641
9.114608
9.130653
9.146576
9.162655
9.178564
9.194610
9.210564
9.226656
9.242572
9.258584
9.274572
9.290641
9.306937
9.322633
9.338583
9.354633
9.370563
9.386628
9.402708
9.418653
9.434676
9.450582
9.466608
9.482619
9.498651
9.514649
9.530624
9.546649
9.562661
9.578572
9.594591
9.610559
9.626640
9.642573
9.658648
9.674552
9.690579
9.706717
9.722661
9.738598
9.754679
9.770649
9.786623
9.802687
9.818649
9.834711
9.850631
9.866611
9.882617
9.898653
9.914613
9.930624
9.946663
9.962679
9.978570
9.994587
10.010557
10.026636
10.042566
10.058621
10.074555
10.090633
10.106701
10.122621
10.138583
10.154650
10.170576
10.186560
10.202659
10.218641
10.234692
10.250639
10.266702
10.282650
10.298623
10.314572
10.330643
10.346544
10.362572
10.378563
10.394613
10.410533
10.426620
10.442539
10.458640
10.474571
10.490650
10.507076
10.522603
10.538653
10.554650
10.570612
10.586640
10.602573
10.618637
10.634648
10.650640
10.666656
10.682555
10.698629
10.714587
10.730638
10.746563
10.762599
10.778594
10.794571
10.810540
10.826639
10.842553
10.858632
10.874550
10.890629
10.906566
10.922578
10.938564
10.954630
10.970586
10.986627
11.002575
11.018630
11.034577
11.050586
11.066633
11.082573
11.098648
11.114627
11.130742
11.146629
11.162652
11.178650
11.194606
11.210551
11.226576
11.242567
11.258577
11.274555
11.290631
11.306551
11.322659
11.338546
11.354627
11.370664
11.386530
11.402556
11.418629
11.434658
11.450627
11.466652
11.482631
11.498711
11.514617
11.530618
11.546547
11.562658
11.578612
11.594652
11.610615
11.626632
11.642555
11.658620
11.674560
11.690634
11.706572
11.722645
11.738562
11.754633
11.770611
11.786593
11.802604
11.818635
11.834571
11.850637
11.866658
11.882586
11.898672
11.914585
11.930758
11.946634
11.962659
11.978643
11.994606
12.010643
12.026629
12.042538
12.058640
12.074553
12.090645
12.106572
12.122645
12.138564
12.154565
12.170677
12.186646
12.202618
12.218642
12.234727
12.250644
12.266660
12.282622
12.298688
12.314586
12.330793
12.346655
12.362655
12.378655
12.394601
12.410653
12.426651
12.442552
12.458637
12.474581
12.490636
12.506561
12.522681
12.538565
12.554650
12.570556
12.586610
12.602631
12.618637
12.634613
12.650635
12.666568
12.682604
12.698725
12.714595
12.730633
12.746626
12.762794
12.778635
12.794706
12.810636
12.826573
12.842598
12.858645
12.874556
12.890646
12.906561
12.922637
12.938564
12.954636
12.970566
12.986632
13.002568
13.018633
13.034585
13.050583
13.066595
13.082643
13.098580
13.114644
13.130677
13.146571
13.162821
13.178652
13.194651
13.210642
13.226637
13.242582
13.258641
13.274551
13.290641
13.306555
13.322612
13.338563
13.354650
13.370563
13.386642
13.402535
13.418643
13.434570
13.450643
13.466574
13.482618
13.498577
13.514640
13.530720
13.546611
13.562730
13.578652
13.594587
13.610639
13.626641
13.642562
13.658616
13.674549
13.690609
13.706562
13.722626
13.738524
13.754620
13.770528
13.786625
13.803254
13.818610
13.834587
13.850615
13.866585
13.882615
13.898552
13.914614
13.930671
13.946564
13.962687
13.978698
13.994579
14.010566
14.026633
14.042633
14.058676
14.074568
14.090674
14.106555
14.122573
14.138552
14.154612
14.170564
14.186644
14.203071
14.218626
14.234633
14.250625
14.266607
14.282643
14.298574
14.314639
14.330784
14.346578
14.362739
14.378559
14.394612
14.410641
14.426572
14.442631
14.458634
14.474642
14.490634
14.506546
14.522633
14.538550
14.554634
14.570561
14.586642
14.602697
14.618574
14.634642
14.650631
14.666598
14.682632
14.698571
14.714542
14.730636
14.746633
14.762703
14.778650
14.794642
14.810555
14.826638
14.842632
14.858635
14.874640
14.890650
14.906556
14.922559
14.938568
14.954646
14.970554
14.986635
15.002566
15.018640
15.034563
15.050669
15.066879
15.082572
15.098629
15.114641
15.130568
15.146642
15.162738
15.178635
15.194660
15.210628
15.226609
15.242623
15.258624
15.274624
15.290629
15.306657
15.322623
15.338529
15.354624
15.370532
15.386576
15.402572
15.418640
15.434552
15.450633
15.466636
15.482570
15.498575
15.514644
15.530604
15.546629
15.562582
15.578650
15.594658
15.610576
15.626635
15.642568
15.658583
15.674666
15.690641
15.706604
15.722664
15.738546
15.754640
15.770530
15.786641
15.802557
15.818634
15.834553
15.850667
15.866552
15.882637
15.898548
15.914572
15.930602
15.946743
15.962551
15.978592
15.994882
16.010543
16.026574
16.042545
16.058731
16.074612
16.090613
16.106615
16.122611
16.138609
16.154611
16.170520
16.186669
16.202557
16.218633
16.234561
16.250643
16.266564
16.282562
16.298548
16.314597
16.330710
16.346557
16.362605
16.378617
16.394564
16.410638
16.426649
16.442665
16.458680
16.474626
16.490643
16.506635
16.522631
16.538629
16.554638
16.570551
16.586591
16.602549
16.618628
16.634557
16.650613
16.666560
16.682610
16.699149
16.714608
16.730610
16.746637
16.762604
16.778638
16.794566
16.810628
16.826631
16.842564
16.858649
16.874596
16.890587
16.906643
16.922638
16.938638
16.954635
16.970601
16.986635
17.002534
17.018638
17.034555
17.050558
17.066550
17.082572
17.098551
17.114573
17.130582
17.146630
17.162650
17.178642
17.194613
17.210640
17.226859
17.242564
17.258613
17.274552
17.290626
17.306543
17.322594
17.338607
17.354558
17.370649
17.386609
17.402519
17.418575
17.434528
17.450617
17.466563
17.482638
17.498564
17.514663
17.530614
17.546639
17.562746
17.578558
17.594643
17.610648
17.626654
17.642540
17.658635
17.674582
17.690723
17.706750
17.722573
17.738637
17.754620
17.770552
17.786570
17.802557
17.818555
17.834550
17.850665
17.866553
17.882635
17.898859
17.914626
17.930670
17.946624
17.962632
17.978646
17.994561
18.010662
18.026671
18.042604
18.058714
18.074560
18.091057
18.106549
18.122542
18.138608
18.154577
18.170547
18.186552
18.202592
18.218630
18.234546
18.250628
18.266557
18.282628
18.298556
18.314630
18.330664
18.346637
18.362670
18.378646
18.394664
18.410634
18.426651
18.442604
18.458659
18.474634
18.490701
18.506637
18.522570
18.538628
18.554630
18.570545
18.586599
18.602627
18.618628
18.634547
18.650623
18.666549
18.682626
18.698555
18.714635
18.730665
18.746561
18.762652
18.778555
18.794752
18.810545
18.826645
18.842663
18.858688
18.874625
18.890635
18.906565
18.922611
18.938633
18.954637
18.970663
18.986636
19.002664
19.018638
19.034595
19.050600
19.066541
19.082636
19.098539
19.114637
19.130659
19.146626
19.162644
19.178573
19.194550
19.210615
19.226629
19.242628
19.258654
19.274624
19.290717
19.306527
19.322568
19.338626
19.354628
19.370624
19.386629
19.402623
19.418628
19.434590
19.450634
19.466543
19.482633
19.498551
19.514632
19.530690
19.546606
19.562602
19.578532
19.594538
19.610544
19.626623
19.642556
19.658660
19.674604
19.690675
19.706529
19.722605
19.738605
19.754551
19.770535
19.786571
19.802560
19.818660
19.834633
19.850634
19.866539
19.882638
19.898701
19.914633
19.930622
19.946624
19.962704
19.978600
19.995371
20.010631
20.026626
20.042559
20.058630
20.074625
20.090722
20.106625
20.122622
20.138552
20.154623
20.170626
20.186625
20.202622
20.218626
20.234627
20.250623
20.266597
20.282627
20.298545
20.314621
20.330550
20.346632
20.362545
20.378624
20.394793
20.410563
20.426567
20.442544
20.458751
20.474624
20.490629
20.506602
20.522594
20.538525
20.554521
20.570595
20.586608
20.602662
20.618575
20.634631
20.650576
20.666630
20.682630
20.698518
20.714615
20.730538
20.746626
20.762552
20.778535
20.794677
20.810633
20.826743
20.842632
20.858552
20.874635
20.890684
20.906571
20.922590
20.938661
20.954615
20.970626
20.986625
21.002633
21.018659
21.034633
21.050628
21.066586
21.082633
21.098537
21.114634
21.130544
21.146631
21.162561
21.178652
21.194697
21.210631
21.226823
21.242607
21.258545
21.274614
21.290664
21.306559
21.322686
21.338555
21.354758
21.370555
21.386614
21.402748
21.418538
21.434542
21.450667
21.466552
21.482576
21.498575
21.514603
21.530528
21.546601
21.562547
21.578577
21.594548
21.610641
21.626555
21.642653
21.658555
21.674611
21.690743
21.706563
21.722548
21.738544
21.754533
21.770505
21.786550
21.802608
21.818552
21.834597
21.850618
21.866604
21.882615
21.898687
21.914584
21.930528
21.946543
21.962817
21.978562
21.994557
22.010558
22.026550
22.042655
22.058708
22.074538
22.090616
22.106547
22.122709
22.138712
22.154550
22.170539
22.186553
22.202564
22.218586
22.234589
22.250610
22.266531
22.282639
22.298607
22.314539
22.330531
22.347135
22.362822
22.378522
22.394528
22.410551
22.426632
22.442566
22.458604
22.474601
22.490611
22.506611
22.522613
22.538641
22.554596
22.570601
22.586600
22.602535
22.618600
22.634600
22.650612
22.666611
22.682610
22.698615
22.714613
22.730528
22.746641
22.762706
22.778568
22.794566
22.810554
22.826528
22.842640
22.858639
22.874561
22.890608
22.906601
22.922579
22.938610
22.954611
22.970611
22.986611
23.002594
23.018593
23.034656
23.050527
23.066540
23.082540
23.098525
23.114526
23.130584
23.146550
23.162552
23.178621
23.194627
23.210610
23.226566
23.242607
23.258552
23.274627
23.290693
23.306624
23.322644
23.338619
23.354583
23.370616
23.386620
23.402600
23.418617
23.434631
23.450602
23.466553
23.482632
23.498618
23.514619
23.530617
23.546558
23.562542
23.578622
23.594543
23.610618
23.626639
23.642635
23.658582
23.674595
23.690582
23.706629
23.722629
23.738627
23.754617
23.770546
23.786589
23.802629
23.818626
23.834552
23.850628
23.866626
23.882550
23.898627
23.914625
23.930621
23.946626
23.962537
23.978582
23.994529
24.010623
24.026549
24.042610
24.058599
24.074521
24.090568
24.106598
24.122534
24.138598
24.154629
24.170599
24.186609
24.202597
24.218687
24.234606
24.250610
24.266597
24.282589
24.298627
24.314626
24.330552
24.346626
24.362633
24.378579
24.394565
24.410617
24.426543
24.442628
24.458684
24.474637
24.490612
24.506597
24.522518
24.538598
24.554616
24.570598
24.586604
24.602597
24.618698
24.634655
24.650625
24.666549
24.682618
24.698624
24.714624
24.730551
24.746629
24.762632
24.778500
24.794509
24.810631
24.826550
24.842628
24.858538
24.874618
24.890667
24.906594
24.922582
24.938537
24.954633
24.970597
24.986593
25.002597
25.018615
25.034596
25.050651
25.066517
25.082640
25.098622
25.114623
25.130621
25.146557
25.162585
25.178581
25.194533
25.210564
25.226536
25.242622
25.258546
25.274623
25.290730
25.306622
25.322591
25.338608
25.354724
25.370626
25.386631
25.402624
25.418622
25.434594
25.450655
25.466563
25.482574
25.498595
25.514594
25.530597
25.546598
25.562624
25.578582
25.594552
25.610616
25.626578
25.642617
25.658539
25.674614
25.690549
25.706616
25.722543
25.738564
25.754601
25.770618
25.786556
25.802551
25.818713
25.834622
25.850656
25.866622
25.882724
25.898638
25.914615
25.930569
25.946562
25.962627
25.978581
25.994539
26.010614
26.026532
26.042614
26.058536
26.074614
26.090551
26.106625
26.122675
26.138588
26.154588
26.170604
26.186644
26.202606
26.218624
26.234607
26.250634
26.266605
26.282721
26.298554
26.314602
26.330646
26.346598
26.362553
26.378561
26.394532
26.410622
26.426533
26.442622
26.458532
26.474546
26.490545
26.506627
26.522593
26.538621
26.554582
26.570623
26.586581
26.602603
26.618619
26.634605
26.650643
26.666603
26.682743
26.698606
26.714549
26.730615
26.746623
26.762597
26.778540
26.794531
26.810610
26.826580
26.842612
26.858524
26.874594
26.890553
26.906621
26.922546
26.938617
26.954663
26.970591
26.986573
27.002616
27.018549
27.034655
27.050758
27.066590
27.082618
27.098592
27.114640
27.130625
27.146560
27.162539
27.178539
27.194549
27.210617
27.226613
27.242614
27.258514
27.274604
27.290519
27.306605
27.322528
27.338636
27.354658
27.370613
27.386598
27.402537
27.418669
27.434611
27.450644
27.466614
27.482697
27.498561
27.514540
27.530543
27.546601
27.562551
27.578558
27.594552
27.610595
27.626575
27.642565
27.658535
27.674563
27.690517
27.706634
27.722523
27.738550
27.754571
27.770624
27.786551
27.802572
27.818630
27.834611
27.850643
27.866547
27.882667
27.898557
27.914611
27.930610
27.946606
27.962624
27.978549
27.994612
28.010536
28.026545
28.042611
28.058612
28.074613
28.090515
28.106608
28.122523
28.138620
28.154644
28.170593
28.186556
28.202592
28.218554
28.234593
28.250601
28.266590
28.282607
28.298648
28.314755
28.330620
28.346653
28.362572
28.378556
28.394609
28.410551
28.426648
28.442619
28.458646
28.474624
28.490527
28.506608
28.522526
28.538546
28.554547
28.570621
28.586642
28.602551
28.618618
28.634612
28.650553
28.666609
28.682631
28.698611
28.714650
28.730613
28.746709
28.762549
28.778565
28.794613
28.810618
28.826575
28.842607
28.858583
28.874622
28.890585
28.906617
28.922527
28.938602
28.954504
28.970563
28.986539
29.002619
29.018534
29.034578
29.050553
29.066591
29.082591
29.098596
29.114551
29.130616
29.146680
29.162600
29.178656
29.194619
29.210544
29.226616
29.242620
29.258608
29.274610
29.290624
29.306546
29.322527
29.338608
29.354540
29.370601
29.386525
29.402538
29.418514
29.434601
29.450523
29.466600
29.482553
29.498562
29.514589
29.530617
29.546568
29.562629
29.578708
29.594585
29.610619
29.626618
29.642638
29.658617
29.674553
29.690628
29.706619
29.722525
29.738601
29.754515
29.770599
29.786521
29.802601
29.818522
29.834599
29.851160
29.866617
29.882542
29.898602
29.914568
29.930578
29.946556
29.962629
29.978737
29.994534
30.010687
30.026553
30.042549
30.058505
30.074600
30.090609
30.106596
30.122541
30.138612
30.154511
30.170619
30.186532
30.202609
30.218535
30.234605
30.250538
30.266590
30.282570
30.298607
30.314586
30.330607
30.346550
30.362551
30.378624
30.394598
30.410632
30.426619
30.442547
30.458597
30.474512
30.490607
30.506594
30.522568
30.538598
30.554507
30.570599
30.586514
30.602623
30.618538
30.634624
30.651193
30.666557
30.682600
30.698596
30.714576
30.730623
30.746551
30.762581
30.778665
30.794555
30.810618
30.826549
30.842559
30.858642
30.874618
30.890627
30.906615
30.922619
30.938587
30.954524
30.970612
30.986508
31.002587
31.018516
31.034589
31.050539
31.066608
31.082538
31.098588
31.114549
31.130616
31.146584
31.162625
31.178551
31.194564
31.210614
31.226558
31.242797
31.258614
31.274559
31.290631
31.306615
31.322643
31.338600
31.354586
31.370600
31.386508
31.402608
31.418545
31.434606
31.450520
31.466596
31.482520
31.498598
31.514523
31.530598
31.546704
31.562582
31.578567
31.594553
31.610541
31.626557
31.642641
31.658613
31.674639
31.690623
31.706564
31.722608
31.738610
31.754607
31.770564
31.786531
31.802614
31.818530
31.834614
31.850537
31.866556
31.882539
31.898615
31.914596
31.930597
31.946798
31.962624
31.978596
31.994614
32.010612
32.026530
32.042597
32.058593
32.074613
32.090529
32.106533
32.122616
32.138606
32.154535
32.170601
32.186526
32.202602
32.218523
32.234602
32.250533
32.266615
32.282544
32.298613
32.314538
32.330612
32.346623
32.362614
32.378604
32.394611
32.410524
32.426524
32.442596
32.458508
32.474659
32.490524
32.506558
32.522604
32.538605
32.554614
32.570543
32.586557
32.602554
32.618523
32.634602
32.650522
32.666626
32.682523
32.698625
32.714534
32.730597
32.746553
32.762593
32.778584
32.794568
32.810516
32.826587
32.842517
32.858594
32.874730
32.890525
32.906562
32.922592
32.938582
32.954594
32.970573
32.986539
33.002621
33.018524
33.034543
33.050601
33.066605
33.082532
33.098640
33.114531
33.130612
33.147371
33.162529
33.178567
33.194534
33.210603
33.226615
33.242605
33.258611
33.274678
33.290544
33.306628
33.322576
33.338552
33.354567
33.370610
33.386611
33.402583
33.418515
33.434612
33.450521
33.466611
33.482528
33.498609
33.514532
33.530536
33.546539
33.562616
33.578558
33.594583
33.610571
33.626618
33.642593
33.658641
33.674677
33.690607
33.706617
33.722610
33.738519
33.754572
33.770610
33.786568
33.802612
33.818612
33.834610
33.850522
33.866610
33.882529
33.898640
33.914537
33.930613
33.947181
33.962546
33.978602
33.994510
34.010543
34.026584
34.042520
34.058583
34.074606
34.090616
34.106618
34.122619
34.138551
34.154537
34.170538
34.186600
34.202605
34.218604
34.234605
34.250521
34.266524
34.286520
34.302700
34.318875
34.334626
34.350515
34.366569
34.382704
34.398638
34.414681
34.430599
34.446780
34.462547
34.478568
34.494620
34.510611
34.526564
34.542610
34.558605
34.574605
34.590617
34.606603
34.622626
34.638627
34.654603
34.670603
34.686600
34.702613
34.718518
34.734609
34.750725
34.766603
34.782567
34.798603
34.814531
34.830564
34.846754
34.862608
34.878754
34.894554
34.910595
34.926542
34.942614
34.958615
34.974579
34.990611
35.006602
35.022612
35.038558
35.054601
35.070604
35.086599
35.102603
35.118610
35.134602
35.150534
35.166607
35.182563
35.198603
35.214562
35.230612
35.246579
35.262619
35.278543
35.294570
35.310617
35.326601
35.342646
35.358600
35.374542
35.390613
35.406601
35.422599
35.438600
35.454610
35.470601
35.486595
35.502602
35.518606
35.534564
35.550608
35.566607
35.582514
35.598599
35.614512
35.630595
35.646752
35.662608
35.678682
35.694563
35.710645
35.726601
35.742536
35.758611
35.774643
35.790617
35.806612
35.822600
35.838523
35.854536
35.870680
35.886602
35.902600
35.918601
35.934599
35.950597
35.966565
35.982572
35.998540
36.014521
36.030635
36.046542
36.062623
36.078531
36.094532
36.110635
36.126578
36.142588
36.158599
36.174538
36.190558
36.206616
36.222598
36.238609
36.254613
36.270512
36.286610
36.302610
36.318600
36.334601
36.350614
36.366569
36.382606
36.398605
36.414501
36.430607
36.446532
36.462556
36.478533
36.494546
36.510634
36.526553
36.542568
36.558607
36.574529
36.590626
36.606615
36.622635
36.638625
36.654607
36.670562
36.686524
36.702598
36.718565
36.734603
36.750598
36.766580
36.782521
36.798581
36.814493
36.830579
36.846500
36.862590
36.878507
36.894548
36.910529
36.926528
36.942615
36.958579
36.974522
36.990531
37.006621
37.022569
37.038667
37.054540
37.070705
37.086606
37.102610
37.118606
37.134608
37.150635
37.166606
37.182605
37.198635
37.214606
37.230607
37.246721
37.262731
37.278708
37.294614
37.310637
37.326507
37.342607
37.358591
37.374601
37.390590
37.406563
37.422608
37.438601
37.454609
37.470604
37.486610
37.502605
37.518610
37.534607
37.550610
37.566608
37.582610
37.598610
37.614611
37.630580
