0.0430701
0.0619383
0.0902257
0.122506
0.156942
0.189197
0.223547
0.255889
0.289196
0.321511
0.355101
0.388398
0.421672
0.454947
0.488323
0.521655
0.555708
0.589618
0.6232
0.655683
0.689383
0.721582
0.755057
0.788097
0.821331
0.854793
0.887855
0.921184
0.954716
0.988179
1.02232
1.05607
1.09005
1.12152
1.15431
1.18746
1.22075
1.25398
1.2873
1.32072
1.35413
1.38771
1.42169
1.45547
1.48853
1.5222
1.55371
1.58787
1.62187
1.65466
1.68808
1.72138
1.75464
1.78815
1.82229
1.85575
1.88874
1.9211
1.95515
1.98683
2.02001
2.05332
2.08658
2.11987
2.15492
2.18934
2.22031
2.25464
2.28826
2.32049
2.35441
2.38951
2.41963
2.45285
2.48612
2.51929
2.55266
2.58591
2.61917
2.65295
2.68733
2.72082
2.75378
2.78822
2.82042
2.85374
2.8871
2.92037
2.9537
2.98604
3.0202
3.05495
3.08658
3.11989
3.15355
3.18668
3.2188
3.25213
3.28539
3.31852
3.35186
3.38504
3.41842
3.45167
3.48519
3.51967
3.55284
3.58681
3.61869
3.65164
3.68494
3.71827
3.7515
3.78475
3.81791
3.85124
3.88509
3.9193
3.95306
3.98591
4.01957
4.05155
4.08463
4.11798
4.15139
4.18443
4.21779
4.25107
4.28501
4.32591
4.35677
4.38766
4.41781
4.45078
4.48405
4.51736
4.55071
4.58387
4.61711
4.65042
4.68385
4.71777
4.75224
4.78572
4.819
4.85069
4.88393
4.91703
4.95034
4.98366
5.01699
5.05183
5.08346
5.11722
5.15139
5.18498
5.21872
5.25067
5.28334
5.3166
5.34987
5.38309
5.41639
5.44975
5.48301
5.5168
5.55145
5.58463
5.61754
5.65009
5.68309
5.71645
5.74966
5.78285
5.81622
5.84947
5.88274
5.91617
5.94985
5.98387
6.01748
6.05727
6.08267
6.11584
6.14905
6.18248
6.21575
6.24907
6.2823
6.31556
6.34953
6.38428
6.41682
6.45053
6.48261
6.51551
6.54875
6.58196
6.61537
6.6487
6.68204
6.71523
6.74919
6.78302
6.81702
6.84946
6.88274
6.91508
6.94839
6.98544
7.01505
7.0495
7.0823
7.11476
7.14816
7.18342
7.21641
7.24945
7.28333
7.3151
7.34796
7.38208
7.41447
7.4479
7.48115
7.51443
7.54768
7.58186
7.61557
7.64915
7.68254
7.7149
7.74751
7.78087
7.81424
7.84744
7.88072
7.91409
7.94729
7.98056
8.01472
8.04971
8.08342
8.11549
8.14723
8.18042
8.21372
8.24693
8.28022
8.31342
8.34676
8.37992
8.41363
8.44819
8.48129
8.51534
8.54693
8.57988
8.61318
8.64673
8.67982
8.71305
8.74639
8.77965
8.81369
8.84706
8.88089
8.91425
8.94782
8.97967
9.013
9.04641
9.07963
9.11299
9.14623
9.17956
9.21277
9.24658
9.27982
9.31445
9.34696
9.38007
9.41244
9.44577
9.47909
9.51238
9.54565
9.57893
9.61222
9.64636
9.68023
9.7132
9.74613
9.78009
9.81208
9.84549
9.87882
9.91207
9.94539
9.97877
10.012
10.046
10.0794
10.1134
10.1463
10.1801
10.2117
10.245
10.2784
10.3117
10.345
10.3782
10.4116
10.4448
10.4784
10.5124
10.5461
10.579
10.6123
10.6447
10.678
10.7113
10.7445
10.7778
10.8112
10.8445
10.8779
10.9115
10.9456
10.9788
11.0129
11.0444
11.0775
11.1107
11.144
11.1773
11.2107
11.244
11.2773
11.311
11.3451
11.3787
11.4127
11.4437
11.4769
11.5102
11.5436
11.5767
11.6102
11.6437
11.6768
11.711
11.7449
11.7785
11.8108
11.8441
11.8765
11.9099
11.9432
11.9765
12.0097
12.0431
12.0764
12.1103
12.1442
12.1774
12.2104
12.2439
12.276
12.3091
12.3426
12.3758
12.4092
12.4424
12.4757
12.5092
12.5428
12.5766
12.6104
12.6441
12.6763
12.709
12.7422
12.7755
12.8089
12.8422
12.8754
12.9087
12.9424
12.9766
13.0102
13.0434
13.0766
13.1083
13.1416
13.1751
13.2083
13.2417
13.2751
13.3083
13.3422
13.3758
13.4095
13.4428
13.4765
13.5084
13.5414
13.5748
13.6081
13.6414
13.6747
13.708
13.7415
13.7749
13.809
13.8422
13.875
13.9082
13.9409
13.9742
14.0075
14.0407
14.0741
14.1075
14.1407
14.1741
14.208
14.2425
14.2747
14.3081
14.3404
14.3737
14.407
14.4403
14.4736
14.5071
14.5403
14.5744
14.6082
14.6413
14.6741
14.7083
14.74
14.7732
14.8066
14.8399
14.8731
14.9066
14.9399
14.9734
15.007
15.0407
15.0741
15.1078
15.1402
15.1728
15.2061
15.2393
15.2725
15.3059
15.3392
15.3769
15.4059
15.44
15.4744
15.5068
15.5405
15.5722
15.6055
15.6388
15.6721
15.7053
15.7387
15.7727
15.8052
15.8392
15.8733
15.9062
15.9403
15.9763
16.0091
16.0383
16.0716
16.1049
16.1381
16.1716
16.2048
16.2382
16.2719
16.3078
16.3382
16.3731
16.4044
16.4377
16.471
16.5044
16.5377
16.5709
16.604
16.6379
16.6711
16.7054
16.7389
16.7724
16.8041
16.8372
16.8705
16.9038
16.937
16.9703
17.0038
17.0368
17.0702
17.1044
17.1379
17.1707
17.205
17.2409
17.2711
17.3033
17.3364
17.37
17.4033
17.4363
17.4696
17.5033
17.5373
17.5708
17.6048
17.6361
17.6694
17.7026
17.7358
17.7692
17.8025
17.8358
17.8697
17.9038
17.937
17.9697
18.0034
18.0355
18.0688
18.1021
18.136
18.1685
18.202
18.2353
18.2684
18.3029
18.3364
18.3694
18.4034
18.4351
18.4683
18.5015
18.5349
18.5681
18.6014
18.6348
18.668
18.7022
18.736
18.7697
18.803
18.8344
18.8677
18.901
18.9344
18.9678
19.001
19.0342
19.0679
19.1017
19.1355
19.1683
19.2026
19.2344
19.2673
19.3005
19.334
19.3674
19.4007
19.4339
19.4671
19.5012
19.535
19.5688
19.6025
19.6344
19.6668
19.7002
19.7337
19.7668
19.8001
19.8335
19.8669
19.9001
19.9347
19.9703
20.0029
20.0343
20.0665
20.0999
20.133
20.1663
20.1996
20.2328
20.2662
20.2996
20.3334
20.3672
20.4006
20.4335
20.4671
20.4994
20.5327
20.5661
20.5994
20.6326
20.666
20.6992
20.7327
20.7669
20.8012
20.8336
20.8674
20.8988
20.9321
20.9655
20.9989
21.0321
21.0655
21.0987
21.1321
21.1661
21.1997
21.2332
21.267
21.2987
21.3322
21.3652
21.3986
21.433
21.4654
21.4982
21.5315
21.5652
21.5991
21.6329
21.6647
21.6993
21.7335
21.7674
21.8002
21.8337
21.867
21.8986
21.9319
21.9653
21.9989
22.0321
22.0667
22.0989
22.1318
22.1657
22.1994
22.2331
22.2663
22.2981
22.3327
22.3696
22.3999
22.4326
22.4645
22.4975
22.5308
22.5639
22.5972
22.6305
22.6638
22.6969
22.7302
22.7642
22.798
22.8317
22.8651
22.8973
22.9301
22.9634
22.9967
23.0301
23.0674
23.1002
23.1299
23.1633
23.1983
23.2322
23.2647
23.2981
23.3296
23.3629
23.3963
23.4297
23.4629
23.4961
23.5295
23.5628
23.5963
23.6303
23.6646
23.6969
23.7304
23.7625
23.7958
23.8291
23.8624
23.8957
23.9291
23.9624
23.9957
24.0296
24.0641
24.0976
24.1307
24.1625
24.1956
24.2289
24.2623
24.2955
24.3286
24.3619
24.3953
24.4294
24.4634
24.4972
24.5302
24.5626
24.5951
24.6283
24.6617
24.6951
24.7283
24.7616
24.795
24.8283
24.8623
24.8965
24.9296
24.9633
24.9947
25.0279
25.0613
25.0947
25.1279
25.1615
25.1946
25.2279
25.262
25.2959
25.329
25.3631
25.3947
25.4287
25.4608
25.4941
25.5274
25.5608
25.5941
25.6275
25.6607
25.6943
25.728
25.7622
25.7959
25.8278
25.8605
25.8938
25.9272
25.9605
25.9938
26.027
26.0603
26.0945
26.1282
26.1618
26.1953
26.227
26.2602
26.2935
26.3267
26.36
26.3933
26.4268
26.46
26.4936
26.528
26.5609
26.595
26.6268
26.6596
26.6928
26.7263
26.7595
26.7927
26.8262
26.8594
26.8928
26.9272
26.9611
26.994
27.0276
27.0612
27.0927
27.126
27.1592
27.1924
27.2257
27.2591
27.2923
27.3262
27.3599
27.3932
27.427
27.4587
27.4919
27.5252
27.5585
27.5919
27.6251
27.6584
27.6917
27.7258
27.76
27.793
27.8264
27.8583
27.8915
27.9247
27.958
27.9913
28.0246
28.0579
28.0912
28.1251
28.1593
28.1928
28.2254
28.2586
28.291
28.3244
28.3576
28.391
28.4242
28.4575
28.4908
28.5242
28.5577
28.5922
28.6253
28.6591
28.6907
28.7238
28.7572
28.7904
28.8236
28.857
28.8903
28.9236
28.9572
28.9912
29.0248
29.0579
29.092
29.1238
29.1569
29.1901
29.2234
29.2567
29.29
29.3233
29.3566
29.39
29.4238
29.4578
29.491
29.5247
29.5565
29.5898
29.623
29.6563
29.6896
29.7229
29.7561
29.7901
29.8233
29.8568
29.8902
29.9242
29.9559
29.9891
30.0267
30.0565
30.089
30.1223
30.1556
30.1891
30.2229
30.2567
30.2897
30.3238
30.3557
30.3887
30.422
30.4552
30.4884
30.5218
30.5551
30.5884
30.6221
30.6565
30.6895
30.7222
30.7555
30.7882
30.8214
30.8547
30.888
30.9213
30.9547
30.988
31.0216
31.0549
31.0895
31.1231
31.1562
31.188
31.221
31.2544
31.2875
31.321
31.3542
31.3874
31.4208
31.4544
31.4879
31.5219
31.5548
31.5886
31.6206
31.6538
31.6871
31.7204
31.7538
31.7869
31.8203
31.8537
31.8876
31.9218
31.9549
31.9884
32.0201
32.0535
32.0867
32.1199
32.1554
32.1866
32.2199
32.2534
32.2869
32.3213
32.3548
32.3881
32.4198
32.4528
32.4861
32.5195
32.5528
32.5861
32.6194
32.6526
32.686
32.7199
32.7538
32.7878
32.8205
32.8525
32.8858
32.9191
32.9523
32.9856
33.0189
33.0531
33.0856
33.12
33.1551
33.1868
33.2205
33.2521
33.2853
33.3187
33.3519
33.3851
33.4184
33.4518
33.4851
33.519
33.5535
33.5865
33.6202
33.6516
33.6848
33.7181
33.7513
33.7846
33.8179
33.8511
33.8844
33.9182
33.9527
33.9861
34.0202
34.0523
34.0844
34.1177
34.1511
34.1844
34.2176
34.2509
34.2842
34.3235
34.3526
34.3857
34.4186
34.4526
34.4842
34.5173
34.5505
34.5839
34.6171
34.6504
34.6837
34.7169
34.7505
34.7838
34.8175
34.8512
34.8855
34.9168
34.95
34.9833
35.0166
35.0505
35.0832
35.1164
35.1499
35.1835
35.2175
35.2512
35.2849
35.3182
35.3497
35.3828
35.4161
35.4494
35.4827
35.5159
35.5493
35.5826
35.6162
35.6497
35.6834
35.7171
35.7508
35.7827
35.8156
35.849
35.8823
35.9157
35.949
35.9822
36.0156
36.0505
36.0824
36.1162
36.15
36.1834
36.2153
36.2485
36.2818
36.3151
36.3486
36.3818
36.4149
36.4483
36.4826
36.5165
36.5494
36.583
36.6149
36.6484
36.6816
36.7148
36.7482
36.7817
36.8148
36.848
36.882
36.9162
36.9491
36.9828
37.0147
